# data2/train_100
param m := 800;
param m_test := 400;
param n := 3;
param nu := 2;
param sigma := 0.5;
param y_train :=
1 -1.0
2 -1.0
3 1.0
4 -1.0
5 -1.0
6 -1.0
7 -1.0
8 1.0
9 -1.0
10 -1.0
11 1.0
12 1.0
13 -1.0
14 1.0
15 -1.0
16 1.0
17 1.0
18 1.0
19 1.0
20 -1.0
21 1.0
22 -1.0
23 -1.0
24 -1.0
25 -1.0
26 1.0
27 -1.0
28 -1.0
29 -1.0
30 -1.0
31 -1.0
32 -1.0
33 1.0
34 -1.0
35 1.0
36 -1.0
37 1.0
38 1.0
39 -1.0
40 1.0
41 1.0
42 1.0
43 1.0
44 -1.0
45 1.0
46 -1.0
47 -1.0
48 1.0
49 1.0
50 1.0
51 1.0
52 -1.0
53 -1.0
54 1.0
55 -1.0
56 -1.0
57 -1.0
58 -1.0
59 1.0
60 1.0
61 1.0
62 1.0
63 1.0
64 -1.0
65 -1.0
66 1.0
67 -1.0
68 -1.0
69 1.0
70 -1.0
71 1.0
72 -1.0
73 -1.0
74 -1.0
75 1.0
76 1.0
77 -1.0
78 -1.0
79 1.0
80 -1.0
81 1.0
82 -1.0
83 1.0
84 -1.0
85 1.0
86 -1.0
87 -1.0
88 1.0
89 1.0
90 -1.0
91 -1.0
92 -1.0
93 1.0
94 1.0
95 -1.0
96 -1.0
97 1.0
98 1.0
99 -1.0
100 1.0
101 1.0
102 -1.0
103 1.0
104 1.0
105 1.0
106 1.0
107 -1.0
108 1.0
109 1.0
110 -1.0
111 -1.0
112 1.0
113 -1.0
114 1.0
115 1.0
116 1.0
117 1.0
118 -1.0
119 1.0
120 1.0
121 1.0
122 1.0
123 -1.0
124 -1.0
125 -1.0
126 -1.0
127 -1.0
128 1.0
129 -1.0
130 -1.0
131 -1.0
132 -1.0
133 -1.0
134 -1.0
135 -1.0
136 1.0
137 1.0
138 1.0
139 -1.0
140 -1.0
141 1.0
142 -1.0
143 1.0
144 -1.0
145 1.0
146 1.0
147 1.0
148 -1.0
149 -1.0
150 1.0
151 -1.0
152 -1.0
153 -1.0
154 1.0
155 -1.0
156 -1.0
157 -1.0
158 -1.0
159 1.0
160 -1.0
161 1.0
162 -1.0
163 1.0
164 -1.0
165 1.0
166 1.0
167 -1.0
168 -1.0
169 -1.0
170 -1.0
171 1.0
172 1.0
173 -1.0
174 -1.0
175 -1.0
176 1.0
177 1.0
178 1.0
179 1.0
180 1.0
181 -1.0
182 -1.0
183 1.0
184 1.0
185 -1.0
186 1.0
187 -1.0
188 1.0
189 -1.0
190 -1.0
191 1.0
192 -1.0
193 1.0
194 -1.0
195 -1.0
196 -1.0
197 1.0
198 1.0
199 1.0
200 1.0
201 1.0
202 1.0
203 -1.0
204 -1.0
205 -1.0
206 1.0
207 1.0
208 1.0
209 1.0
210 1.0
211 1.0
212 1.0
213 -1.0
214 -1.0
215 -1.0
216 1.0
217 1.0
218 -1.0
219 1.0
220 1.0
221 1.0
222 -1.0
223 1.0
224 1.0
225 -1.0
226 -1.0
227 -1.0
228 -1.0
229 1.0
230 1.0
231 1.0
232 1.0
233 -1.0
234 -1.0
235 1.0
236 -1.0
237 1.0
238 1.0
239 -1.0
240 1.0
241 -1.0
242 -1.0
243 1.0
244 -1.0
245 -1.0
246 1.0
247 1.0
248 -1.0
249 1.0
250 1.0
251 -1.0
252 1.0
253 -1.0
254 -1.0
255 1.0
256 -1.0
257 -1.0
258 -1.0
259 -1.0
260 -1.0
261 1.0
262 -1.0
263 1.0
264 -1.0
265 -1.0
266 1.0
267 1.0
268 1.0
269 1.0
270 -1.0
271 -1.0
272 1.0
273 -1.0
274 1.0
275 1.0
276 1.0
277 -1.0
278 1.0
279 1.0
280 1.0
281 1.0
282 1.0
283 1.0
284 1.0
285 1.0
286 1.0
287 -1.0
288 1.0
289 -1.0
290 -1.0
291 1.0
292 1.0
293 1.0
294 -1.0
295 1.0
296 -1.0
297 -1.0
298 -1.0
299 -1.0
300 1.0
301 -1.0
302 -1.0
303 -1.0
304 -1.0
305 1.0
306 -1.0
307 1.0
308 -1.0
309 -1.0
310 1.0
311 1.0
312 -1.0
313 1.0
314 1.0
315 1.0
316 -1.0
317 -1.0
318 1.0
319 1.0
320 1.0
321 -1.0
322 -1.0
323 1.0
324 1.0
325 -1.0
326 -1.0
327 -1.0
328 -1.0
329 -1.0
330 -1.0
331 -1.0
332 -1.0
333 -1.0
334 1.0
335 -1.0
336 1.0
337 -1.0
338 -1.0
339 -1.0
340 -1.0
341 -1.0
342 -1.0
343 -1.0
344 -1.0
345 1.0
346 1.0
347 -1.0
348 1.0
349 -1.0
350 1.0
351 1.0
352 -1.0
353 1.0
354 1.0
355 1.0
356 1.0
357 -1.0
358 1.0
359 1.0
360 -1.0
361 -1.0
362 1.0
363 1.0
364 -1.0
365 -1.0
366 1.0
367 -1.0
368 1.0
369 -1.0
370 1.0
371 1.0
372 -1.0
373 1.0
374 1.0
375 -1.0
376 -1.0
377 -1.0
378 -1.0
379 1.0
380 1.0
381 -1.0
382 -1.0
383 -1.0
384 1.0
385 -1.0
386 -1.0
387 1.0
388 -1.0
389 -1.0
390 1.0
391 -1.0
392 1.0
393 1.0
394 -1.0
395 -1.0
396 -1.0
397 1.0
398 -1.0
399 -1.0
400 -1.0
401 -1.0
402 1.0
403 1.0
404 1.0
405 -1.0
406 1.0
407 1.0
408 1.0
409 1.0
410 1.0
411 -1.0
412 -1.0
413 1.0
414 -1.0
415 -1.0
416 1.0
417 -1.0
418 1.0
419 -1.0
420 1.0
421 1.0
422 1.0
423 -1.0
424 1.0
425 1.0
426 -1.0
427 1.0
428 1.0
429 -1.0
430 1.0
431 1.0
432 1.0
433 -1.0
434 1.0
435 1.0
436 1.0
437 1.0
438 1.0
439 1.0
440 -1.0
441 1.0
442 1.0
443 -1.0
444 1.0
445 1.0
446 -1.0
447 1.0
448 -1.0
449 -1.0
450 1.0
451 -1.0
452 -1.0
453 -1.0
454 1.0
455 1.0
456 1.0
457 -1.0
458 -1.0
459 -1.0
460 1.0
461 -1.0
462 1.0
463 1.0
464 1.0
465 -1.0
466 1.0
467 1.0
468 -1.0
469 -1.0
470 -1.0
471 1.0
472 1.0
473 -1.0
474 1.0
475 1.0
476 1.0
477 1.0
478 -1.0
479 1.0
480 1.0
481 -1.0
482 1.0
483 1.0
484 -1.0
485 1.0
486 1.0
487 1.0
488 1.0
489 1.0
490 1.0
491 1.0
492 -1.0
493 1.0
494 -1.0
495 1.0
496 -1.0
497 -1.0
498 1.0
499 -1.0
500 1.0
501 -1.0
502 -1.0
503 -1.0
504 1.0
505 1.0
506 1.0
507 -1.0
508 1.0
509 -1.0
510 1.0
511 -1.0
512 1.0
513 -1.0
514 1.0
515 -1.0
516 1.0
517 -1.0
518 -1.0
519 -1.0
520 1.0
521 -1.0
522 -1.0
523 -1.0
524 1.0
525 1.0
526 -1.0
527 1.0
528 -1.0
529 -1.0
530 -1.0
531 1.0
532 1.0
533 1.0
534 -1.0
535 -1.0
536 -1.0
537 -1.0
538 -1.0
539 -1.0
540 1.0
541 -1.0
542 -1.0
543 1.0
544 1.0
545 1.0
546 1.0
547 1.0
548 -1.0
549 -1.0
550 -1.0
551 -1.0
552 -1.0
553 -1.0
554 -1.0
555 1.0
556 -1.0
557 -1.0
558 1.0
559 1.0
560 -1.0
561 -1.0
562 1.0
563 -1.0
564 -1.0
565 -1.0
566 -1.0
567 -1.0
568 -1.0
569 -1.0
570 1.0
571 -1.0
572 1.0
573 -1.0
574 -1.0
575 1.0
576 -1.0
577 1.0
578 1.0
579 1.0
580 -1.0
581 -1.0
582 1.0
583 -1.0
584 -1.0
585 1.0
586 1.0
587 1.0
588 1.0
589 -1.0
590 -1.0
591 -1.0
592 1.0
593 1.0
594 1.0
595 -1.0
596 1.0
597 1.0
598 -1.0
599 1.0
600 -1.0
601 -1.0
602 -1.0
603 1.0
604 -1.0
605 -1.0
606 -1.0
607 -1.0
608 1.0
609 1.0
610 -1.0
611 1.0
612 1.0
613 1.0
614 -1.0
615 -1.0
616 -1.0
617 1.0
618 1.0
619 -1.0
620 1.0
621 1.0
622 1.0
623 -1.0
624 -1.0
625 -1.0
626 -1.0
627 1.0
628 -1.0
629 1.0
630 -1.0
631 1.0
632 -1.0
633 -1.0
634 -1.0
635 -1.0
636 1.0
637 1.0
638 1.0
639 -1.0
640 -1.0
641 -1.0
642 -1.0
643 1.0
644 1.0
645 -1.0
646 -1.0
647 -1.0
648 1.0
649 1.0
650 -1.0
651 -1.0
652 1.0
653 -1.0
654 1.0
655 -1.0
656 1.0
657 -1.0
658 -1.0
659 -1.0
660 -1.0
661 1.0
662 -1.0
663 -1.0
664 1.0
665 -1.0
666 -1.0
667 1.0
668 -1.0
669 -1.0
670 -1.0
671 1.0
672 1.0
673 1.0
674 1.0
675 -1.0
676 -1.0
677 1.0
678 1.0
679 1.0
680 -1.0
681 -1.0
682 -1.0
683 1.0
684 1.0
685 1.0
686 -1.0
687 -1.0
688 -1.0
689 -1.0
690 1.0
691 1.0
692 1.0
693 -1.0
694 -1.0
695 1.0
696 -1.0
697 -1.0
698 1.0
699 -1.0
700 -1.0
701 -1.0
702 -1.0
703 -1.0
704 -1.0
705 -1.0
706 1.0
707 1.0
708 -1.0
709 -1.0
710 1.0
711 1.0
712 1.0
713 1.0
714 -1.0
715 1.0
716 -1.0
717 1.0
718 1.0
719 -1.0
720 1.0
721 -1.0
722 1.0
723 -1.0
724 1.0
725 1.0
726 1.0
727 1.0
728 -1.0
729 1.0
730 -1.0
731 1.0
732 -1.0
733 1.0
734 1.0
735 -1.0
736 1.0
737 -1.0
738 -1.0
739 -1.0
740 -1.0
741 -1.0
742 1.0
743 -1.0
744 1.0
745 -1.0
746 -1.0
747 1.0
748 1.0
749 -1.0
750 -1.0
751 1.0
752 -1.0
753 -1.0
754 1.0
755 1.0
756 -1.0
757 1.0
758 1.0
759 -1.0
760 1.0
761 -1.0
762 1.0
763 -1.0
764 -1.0
765 1.0
766 -1.0
767 -1.0
768 1.0
769 -1.0
770 1.0
771 -1.0
772 -1.0
773 1.0
774 1.0
775 1.0
776 1.0
777 -1.0
778 1.0
779 1.0
780 1.0
781 1.0
782 1.0
783 1.0
784 1.0
785 -1.0
786 1.0
787 -1.0
788 -1.0
789 -1.0
790 -1.0
791 -1.0
792 1.0
793 -1.0
794 1.0
795 -1.0
796 -1.0
797 1.0
798 -1.0
799 -1.0
800 1.0
;
param A_train : 1 2 3 :=
1  -7.264588707933661  17.824757494661405  5.004537107031677
2  1.1991573090325867  4.43072069454448  -4.809498200397755
3  -8.828823603615728  16.63535918316196  -4.463190977291916
4  -7.227526287270247  1.357663963840499  5.046852319558345
5  -6.343810554382926  6.609079669134054  5.915986136222254
6  0.22112789680562378  3.5841430783342134  7.822596541308759
7  6.220170311769109  20.4613712089893  2.326896318645739
8  -4.556971162106757  12.743916978431342  -9.513826263210865
9  2.3522433106102154  5.857321091342137  7.160084132030026
10  4.2391726174418265  19.372103886138746  5.853332388343871
11  -4.396547458299116  11.631331229692051  -9.608328188681341
12  -9.33588219012739  7.477434914392776  -2.6306571776125875
13  5.709376152638115  14.883104540933541  -1.78120592406097
14  -9.474635038158834  14.174772865534718  -1.219138778312699
15  6.360404903114462  20.20709246282314  1.0754996371422278
16  10.895484306954762  1.285595406783969  -5.29503336215211
17  12.520188967166266  18.422188489302346  2.4669531982764177
18  -9.356642063913077  13.688625316537006  0.5087206997186772
19  12.59254094627702  3.224440874361431  1.5781271173330484
20  3.7263741488042887  8.559687288665463  -3.9948506323388338
21  -9.462643055315853  1.1943301605788808  -0.4682453050451219
22  3.0752141354079443  18.280722616061166  -4.350568129927822
23  -6.815805450070417  2.1045692912470644  5.482779689319563
24  4.437974574874057  4.604841492903353  -3.4515493949093945
25  5.505820359164159  14.882274888420675  -2.150351786992974
26  -6.32930803581859  15.9801750933211  -8.172194742005185
27  5.799827286622051  4.557701773224376  3.6306797892046947
28  4.837876469037927  3.260644205335092  -3.0523936888244116
29  5.939542811843931  0.5286629580209826  3.287648517918042
30  -1.2399965058919737  1.6776010804932646  7.912855498493413
31  -8.704049353569252  18.529401563089156  2.7268092640690162
32  6.255647403226797  3.7615622665665365  2.146830994750363
33  -2.6330131353096426  8.475159346409816  -10.420579118867911
34  -9.147517085268193  16.170744030439188  1.4721204735400653
35  -9.462596166089776  20.644640548470917  -0.4674052895882505
36  -4.042458076785423  18.322753199417857  7.316249514144876
37  11.348881440494425  19.378387319720304  -4.455754365082061
38  -7.41975112534852  17.471870303764934  -6.968160028383701
39  6.236728464396211  7.325948048768687  -0.25689923821705185
40  3.573319235632531  13.380594591974358  -10.737872266213548
41  4.526265947985859  14.853107040238108  13.039847516967237
42  -9.424856733679007  8.66874161125086  -0.000742699190321488
43  11.302245556547502  12.670679536185643  6.615309183964881
44  -0.6183882017000752  20.388178196059744  7.90787999085761
45  -8.11008169579043  6.859013046734138  -5.948262043642581
46  -6.781707939102723  19.331025690713755  5.516295039991051
47  -7.305759840221507  20.734019112460583  4.9568809147587425
48  10.34962495284321  12.325943796268547  -6.134910524282308
49  -9.215962122227667  19.216017885220314  -3.2140733001378976
50  5.785867514981332  15.617003786208617  12.419603679066238
51  -8.999485522179215  15.093574820642715  -3.982838918181238
52  3.8337283332787297  2.376040494964076  -3.924281996588988
53  -2.499405997810998  15.67189112775181  7.773131866965242
54  12.55835216323498  3.758076378094155  2.0923716068793787
55  -5.420191074839994  15.897078228464581  6.601344102450438
56  1.2599642064982506  1.2553786356380088  -4.8063622624760125
57  5.11012612544158  18.396518422725585  4.845212824557682
58  3.1612729575881633  3.925002400870998  -4.31017641507311
59  0.8153420410105653  18.021222176947887  14.055595046470021
60  3.793935038255502  18.80600143793881  13.330517202082738
61  11.664047329387342  2.151176293757356  -3.758504308424963
62  -5.959020711179125  2.4324072311220437  -8.504437425534697
63  9.531104489979215  20.477245559748944  -7.161795589955502
64  6.3054672341768665  20.6685451894886  0.15209170821151757
65  2.771686146479851  2.022121017121091  6.941141588012142
66  -9.404380242444583  13.356191124562308  -2.1705001996952684
67  -1.758030451352882  7.755144211591102  7.879760692698675
68  2.1463291505041147  1.2384350838797964  -4.6736199377449905
69  2.2101063562062264  17.88723508752596  13.802567519227368
70  -7.551022800281255  13.935234078998318  4.657845293913923
71  -9.45575638491675  1.2714906167681428  -0.35668180222585116
72  0.7152915544685242  9.519587539095506  7.728664351751254
73  4.577486287020104  8.542788465749657  5.506206869232173
74  -4.042254756599696  20.684853896038852  7.316332070292671
75  12.552997277890187  20.88557787781125  -0.15575422581625054
76  7.151061334260695  4.758743643221443  -9.20468389977787
77  -3.4722803932633797  16.024664653180317  7.52376922907367
78  0.5917065906571769  13.917463268977096  -4.79873198029155
79  11.533399642619514  9.120793641888566  -4.061852747622922
80  4.110325675171975  12.091248368728246  5.973846669775316
81  -7.259324627650295  8.614118887497634  -7.171132536751525
82  1.1812949800791832  0.8238154142778916  -4.810274593272542
83  -0.46076860402461456  15.852356381876985  -10.943800364372727
84  -4.0887868015448925  16.70939221595645  7.297274583685174
85  -9.393625681965244  19.63745657166866  0.2591305983324424
86  -5.995208240624803  10.94274648080373  6.1975711760477
87  -1.319535407286123  1.3984314479104996  7.9099720520399694
88  -8.783807633044722  19.4598871823788  -4.578031472303981
89  3.5058083880495197  5.27224547016484  13.431874006594585
90  5.046237678306881  2.7685543411782634  -2.8087971973253776
91  1.4415444971458036  3.050468726546436  7.528002263958694
92  1.9599302823543858  12.414448687537536  -4.715210391875256
93  7.303310058901783  8.206002534312422  -9.104334501006127
94  -0.9400546855304693  14.868823561568147  -10.868719495431435
95  6.058606812310724  1.7507279135868696  2.9423330399217
96  -6.114536796713723  0.3457361868369542  6.104543770857195
97  -2.301225785972538  20.165546509535226  -10.531979722438443
98  -0.5347598995510324  1.9066635836990837  -10.933633969190476
99  6.315023585283111  7.258297647416479  0.2268877519017528
100  11.694683594377123  0.3945194591969087  5.727194202257832
101  10.444278734788444  18.55275775959056  -5.999808073066346
102  5.693153023426658  17.783677299220194  -1.8130558667935754
103  12.182984296831165  12.359545486960592  4.246135432154619
104  8.225853283046867  3.331194659505627  -8.417564405577277
105  11.588421379671553  16.83186031427707  -3.9368399949586217
106  -9.024115980181671  1.4204790885862466  -3.9062851041821816
107  5.927365312935437  9.599350933459275  3.319820308786828
108  9.292075013146219  6.632388508121257  9.61136582767063
109  -6.653665952240931  20.939842723199057  -7.852863765727862
110  -0.9676253984936644  20.5325671346738  7.9166891192697655
111  4.388072106958955  17.452663133434218  5.706347827063343
112  9.663923464713491  9.472235708016889  9.175324502038961
113  -6.30410654249868  10.554597822575143  5.949597383607921
114  -9.108603701165766  11.583491860161852  -3.6253831793536926
115  -5.449310401401562  11.739536242182032  -8.912973114785924
116  12.471765371903649  3.823796305669196  -0.8338599988462642
117  -4.184468666831156  4.226920697310015  -9.727497457456483
118  6.349298748218605  14.828907857247227  0.6029323272876381
119  -6.709601079547332  17.769412500150572  -7.7948420452534055
120  -9.275944995214706  20.14972875445915  0.941606006011602
121  -8.886543271528797  15.977752324730151  -4.309363508112752
122  3.4448905855401857  11.65152945020623  -10.76757291014223
123  5.162626568860727  1.7971181098827607  4.77028287168142
124  6.357134952014795  1.7962283070926992  1.2102344678933201
125  4.969260035735949  3.2041238528909126  -2.902067847644849
126  3.8668035887596615  14.829843733460129  6.186256208275432
127  0.4638473979167203  5.841424628417976  -4.7865710481699555
128  -3.6658818448731614  8.888285443679493  -9.992762043020345
129  2.6376663061138292  3.2008329095787795  7.014811825792327
130  6.355588708155838  4.973241321731736  1.2509186283871856
131  4.38807899311827  7.787947175776026  -3.495997500691386
132  3.327270016341628  12.882062515219548  6.5949202041027615
133  6.053024037510569  20.531853700879807  2.959998688217367
134  3.219485117491865  2.670921653932052  6.66754946975205
135  -8.824960868150066  6.158792484330933  2.4372095819282995
136  -8.834386669174771  20.928700195165206  -4.448699090483412
137  12.599342863734114  18.54571642280027  1.4045777452219448
138  1.5162683386014963  20.065959940957086  13.946692074662321
139  2.2991714399190593  11.112038767958829  -4.633931831782411
140  5.628338179662766  4.951208507490417  3.991556888892335
141  -2.352764046412932  4.230737899470097  -10.515462934007337
142  6.226689853473616  16.881404149046084  -0.3054135402300068
143  12.143869114662376  19.55971543832466  4.390933556412077
144  6.002984237337781  12.954899527816686  3.111293950352669
145  7.608072384882013  14.414615511191734  -8.892899329891492
146  -1.39377155756378  18.557626796254336  -10.777210721721552
147  11.6021793994671  5.404532547195553  -3.904975894423172
148  1.4533134586746064  12.210978869864789  -4.791328691792953
149  5.702537180796066  11.899743489252698  3.842063602124712
150  3.975812283642686  19.38069129604017  -10.634443947906268
151  4.068632065554739  6.799030369172611  -3.756562043931276
152  1.4218052467552889  2.8980543177341014  -4.794304014973839
153  -1.7970041509444432  2.1792512929061107  7.8759006405273695
154  -6.808118934509318  5.945227914623837  -7.69038348634971
155  2.4594484866139674  1.3647048977719816  -4.586799606253703
156  3.0927215951381157  6.433242705012734  -4.342504714248589
157  2.041776068194691  12.148611091752397  -4.697861945876491
158  -4.64189870257873  9.364935148354913  7.044781596128919
159  0.18269648703303273  13.550096050747682  -11.010649861730888
160  6.293480481908663  11.005392050823236  1.9162625301194136
161  11.923546557352585  15.893425354433477  5.106469126426871
162  -7.063038332684297  9.503930628594008  5.228260106159307
163  -4.525219970463322  16.248814632472843  -9.532834996956916
164  2.931069971954754  9.951252565345046  6.848745689824112
165  -4.896120883173907  15.250472468332617  -9.301058171160161
166  5.79516705088491  16.274925553130384  12.414411469368025
167  -7.8837037854715435  17.94117642067381  4.204565341106719
168  6.1869338470331074  3.3827694604536145  2.4754628899239806
169  -6.651357609930198  15.189373684223822  5.641093244984887
170  -7.715147299989557  0.23058924578760398  4.441764987177856
171  -9.472107730539793  8.398537364284513  -0.6812029379670295
172  -9.384379266772298  11.87777753519946  -2.321695972567474
173  1.990275376100788  0.6196782943140184  -4.708944304542753
174  6.26059747834842  0.8062069123729265  -0.13263774492073724
175  -7.988256513623956  5.024657332195273  4.04869921854498
176  4.320870077913118  7.457844165366247  -10.533048964774485
177  10.417006386708996  14.70939081418987  -6.0391418397510295
178  10.385354602514372  4.002602615082065  -6.084375769245248
179  -9.447726202652346  8.320950479067331  -0.2474842696253523
180  5.443038888942801  19.011827127592007  12.604488042024874
181  0.1078514526737549  6.77543062132116  7.839483185641426
182  -9.109143351638135  16.079188568301976  1.608252054568176
183  8.191102548840304  12.297383404590317  -8.446082295812412
184  12.45751374877859  1.1193214574881094  2.9295322268089032
185  -5.966208521676676  20.42777140875034  6.219672688257459
186  12.57824549615542  2.3161661246283023  1.8326443664641243
187  -7.714981044672573  7.176427313206884  4.44199098609272
188  5.1132128918820685  19.99002423580061  -10.253983184446863
189  0.3811559509597007  5.108336986355247  -4.776830337607321
190  1.1646678447068524  19.935856628214175  -4.810938179573887
191  7.225611888849527  13.87058531955525  11.4933155075975
192  4.657461343280918  4.0368871134159034  -3.242509167390426
193  -0.4848287681040243  2.966231925841074  -10.940551136826985
194  3.355998960817984  20.623049415864116  6.57508796835518
195  6.265595646473217  9.414439111378956  2.0909521725237967
196  -4.148212759050847  15.34044361288609  7.272455979492593
197  8.64065829401978  2.7878171688247106  10.292741586468685
198  -7.954365764355822  10.642404579516734  -6.203030454334612
199  9.437178461524226  1.9856856695904987  9.445711143750271
200  3.7306495468587695  10.41890217977988  -10.699321523904024
201  -9.435622598407322  0.20628699643882276  -0.10818214369268883
202  -9.466546523974694  0.877543427557542  -0.5436644157946109
203  5.972643273904414  19.19523075213296  3.1975692059469614
204  0.20898659400123318  18.681220135797414  -4.751748148149996
205  -6.183810577334144  16.22399906779193  6.048963168704992
206  -8.286798971165377  11.120381531627324  -5.636588070562484
207  11.911839077308725  3.493388132803616  5.140750499731149
208  1.1400338563688894  15.50234407921607  -11.039768319143134
209  12.60570880210957  4.496078074388458  1.0717914958472654
210  8.617009777031134  1.2183376876199525  10.315737357392399
211  7.156699349007891  6.629295992528647  11.543731336232927
212  12.238415472041059  12.296053007025039  -2.0150103509265254
213  5.624960225945246  12.218373086678627  -1.941982280048417
214  -0.9973368128431194  17.456239559915193  7.916725729424283
215  6.165104028617828  8.230937055372108  2.5651927892268502
216  12.229410334254796  3.142077515575889  4.064871865179874
217  11.281712994744607  0.834556828271754  -4.590591889669231
218  -1.177316711777293  4.158283251648602  7.914566274755874
219  -8.011692432439087  19.61858283930169  -6.111208198897948
220  11.868625654732709  0.7816013942190764  -3.231078739444312
221  12.56473219142846  13.403502404496686  -0.020378717287211287
222  6.20476353798615  9.16574437380713  2.397776226066347
223  6.580907143859523  3.92802570176816  -9.551222719259341
224  11.799228761332584  14.14756086195553  -3.418247490480625
225  2.0238993615596104  12.49130168354963  -4.701772783095785
226  4.846747218561723  1.4037642288192618  -3.0425755796483247
227  -7.214310154742676  13.942130345575057  5.061809802568901
228  5.926365836732991  1.6044049058016308  3.322438922515149
229  11.740976840474177  4.698488882773039  5.609195587947505
230  5.508206425797003  11.962257318699923  -10.089659130736718
231  4.835837619038973  15.04275796443236  -10.359185096191247
232  9.889713897743514  12.144647816652398  -6.740182575125782
233  0.19083065696547263  18.851031583311713  7.8272803640444
234  5.729621469817514  14.707927766425334  3.78510070181602
235  -3.9378427481392673  20.37049008331482  -9.858149956358844
236  -5.967458834314791  5.760893104058552  6.218723809573334
237  7.599283026587832  20.68142667968399  11.207981819232222
238  -2.4359871940549374  4.085747742345549  -10.488184586455565
239  -4.043023517481028  4.045573178351004  7.316019889632227
240  12.50341301911379  3.9853864302480067  2.604041596632164
241  -3.5905198925118555  2.4791801271544474  7.484605917534919
242  6.354467645321817  13.136369015919957  0.7001149013577308
243  10.67493346736855  0.09509063233560366  -5.653019101459142
244  -8.850328697722142  16.95899979962569  2.3726574362843555
245  4.589592889085545  12.57984765454928  5.492873455274557
246  2.6988671806118414  6.360208807555892  -10.909214709995933
247  2.551888945216954  18.708092808673932  13.717902793107932
248  5.145741532792032  17.699332086156474  4.794610782977251
249  11.17120361160593  13.266123406640649  -4.803765823064091
250  9.331647356478454  1.5886648369828693  -7.380001676531647
251  5.288504420398191  20.261567186860223  -2.486159170873306
252  12.601480542700417  12.991337961150409  0.6620478625283425
253  -8.481208369739537  18.773638907035085  3.198184563960073
254  5.465376957568677  3.422676819133816  -2.216821193898393
255  -9.199906746726278  0.5705894835333889  -3.2805493939378225
256  2.553133890246821  6.283383030137429  7.059454158028688
257  6.3453600787374045  16.45772970505663  0.5429923945324904
258  3.7084037513853754  17.29079305385399  -4.006308722148885
259  6.285361787804569  18.678352574140305  1.9703767681274367
260  -6.901807935034104  7.403895342432263  5.396580647081103
261  -2.4978688952617927  17.18029785674267  -10.467411790853712
262  4.0608677724912585  3.255436802009851  -3.7624120971806185
263  5.111549222119091  11.541028163783487  -10.254638894922646
264  4.642382150936628  1.0634836736573319  -3.2576155480854516
265  6.344820916549254  15.12019324139329  0.5354100915827571
266  4.86776017872099  7.602201688395635  -10.347496510028032
267  11.52305214863831  2.2654713256197123  6.1378538076083515
268  2.212046096280539  13.96377342042492  13.802112802172006
269  -1.4051672128097845  8.946097426103847  -10.774651478804651
270  -9.012830618224413  6.704869528944941  1.9194143549461447
271  4.07815200379832  7.664778040689175  -3.7493595166891187
272  -8.479178804503707  16.06395381639198  -5.264165092994431
273  6.3599720306547  8.566264061803137  0.8735967203035023
274  -9.472576327766149  18.495786020979057  -1.2937268474646932
275  -5.410641278554726  3.206469852074207  -8.941876196388781
276  12.565223544500155  8.126639345493846  -0.014310795979853488
277  0.7002250174172593  18.25150934782892  7.7320243049492
278  1.470288005256719  12.54079407265784  13.954953948384459
279  0.6703074639736308  15.222355797909982  14.073620387263738
280  12.470050835283315  17.650782982598994  -0.845434390445827
281  2.8829922993590698  11.026949433064559  -10.879103138052816
282  6.864011271144362  2.588300452487709  -9.384773026648839
283  11.96235495102449  6.78786287955298  4.990513072885497
284  6.036554517073378  5.565760883070155  12.276270223785179
285  12.542487623590013  3.261683356141477  2.2617175091305746
286  -2.58194378630772  12.71347437569372  -10.438514396640404
287  3.45181149741852  4.4883752731783  -4.159332718362361
288  -4.200157532995896  18.096351993496974  -9.718901219524527
289  -1.4979061686717503  9.556857883839434  7.900608254113753
290  6.264399005425346  16.8530884725456  -0.11148292733709146
291  11.097333238739795  17.773417916591352  7.018083757144075
292  12.447288103855591  13.864615153069728  -0.9925514239170121
293  -9.372495087901267  17.19770938641455  -2.4037886499497216
294  -8.546830638977143  16.57915949600298  3.0665043696777325
295  -9.276585494550938  12.16473510383012  0.9385688544640536
296  4.532493168764259  6.872303676632752  5.555170344987731
297  -5.169931508101586  8.65760382220102  6.756005740994139
298  -7.301539523919381  6.3749934437281155  4.961797915187893
299  0.6865178581315723  10.162720632982722  -4.80549911533227
300  11.112440637886117  8.457209528705564  6.989531358597045
301  1.3529198529533615  6.9827216297440176  -4.8000960602028755
302  -2.9967165405306937  2.3480240781878905  7.661611049018099
303  4.41162902175108  8.681745500495467  -3.4751532039261557
304  6.302747855318933  2.934164269471622  1.850306835837598
305  7.020560474489715  7.641557641428212  11.641391569843782
306  -2.873919600348115  2.25945919972142  7.692199396852312
307  6.420139804732904  8.047974855804105  -9.641010124692187
308  5.476567308081055  11.29153498001319  -2.198628763281219
309  4.945890200515986  1.5648313597802317  5.06696404710549
310  11.713562717210383  5.393923232988286  5.679480808399419
311  10.4532363953583  8.95746739030223  8.102495568466793
312  3.0992352384483  5.725412146045017  6.745364118981081
313  4.2174719717326665  11.825675125007667  13.168326350288075
314  0.14864649939969218  17.033937266504626  -11.00807330300981
315  -9.449320715588161  16.43231426934101  -0.26784818711466035
316  -3.381733449541528  4.37954703091123  7.552425812152921
317  -0.30004985588179967  4.171908763768153  7.8863043178195085
318  5.980634306340742  11.719814656826157  12.308855049779048
319  2.797042723100261  7.701370446698498  -10.893551066805509
320  -9.247114069759071  0.9839031427167377  -3.0787797528340715
321  2.041224257771461  4.864333329443549  -4.697983683004873
322  5.095579182874945  20.25440980807587  4.865609661009294
323  6.941693524317869  20.37160496712353  11.696812554720118
324  -8.564308270902108  7.492275450450645  -5.086021878578417
325  -1.8262604045642226  0.8771970932691783  7.872876643461065
326  0.4270893850064282  16.79736370765698  -4.7824241445695534
327  4.851173380045364  5.893851722893576  5.186991167958722
328  4.8222464802426845  1.0882881890704899  5.222600960893642
329  6.316528430577962  5.135031711454354  0.23936472497416075
330  -0.872401365865918  3.1974722895358005  7.9158199858330915
331  6.2451427041169065  19.10848681984107  2.202997837164508
332  2.9640958963616093  4.093306948628526  -4.399945034264904
333  4.494816803107332  15.736112557714117  -3.399574202267106
334  -9.389467695738242  2.9712482582926576  0.2896871210693715
335  3.2770644628573633  1.6030715442903987  -4.252787277379825
336  7.761498755953118  7.8008134778556935  11.077540902911078
337  6.200538268652847  12.812513924025016  2.416581670150072
338  -8.575450431513929  11.158331287110657  3.0073369319674024
339  -5.979762773635254  17.66935953672517  6.209366896122257
340  2.8754712982617345  9.164133659381651  6.881580331368845
341  0.7162129767298592  12.844852470969514  7.728457838524978
342  6.114257723360176  1.252027953275666  2.7559020787107387
343  3.5264409499908695  15.649938076823602  6.453169989422441
344  5.193028206264962  14.59936655179791  -2.619011388306544
345  2.367857752188438  17.05031934354276  -10.955467204025997
346  -2.234594108354849  2.1885626459635947  -10.552910170923314
347  1.560703251703296  9.70169128247107  7.4875576468399805
348  11.75525197007817  13.739034398453882  5.572111182871456
349  -4.004430765293468  0.1743992280155121  7.331581403272497
350  -5.237749067797569  17.875013127300047  -9.067742309441437
351  -9.414145924919817  17.235078300217978  -2.089037391132088
352  0.6059459255180675  10.772578126808583  7.752331947512107
353  8.280218193850734  7.265729463437397  10.631365633782195
354  12.581950878722829  15.310029449872376  1.774718864098415
355  12.605738218546172  18.68287999226229  0.9271214438635066
356  5.723983366503963  10.383763616460696  12.453914081442363
357  0.11078982297284444  18.589689674797995  -4.734489200767677
358  -9.324721267426627  3.10311673355147  0.6938769659460551
359  7.485164518049525  6.946841749285325  11.297315520619449
360  5.705421003358894  15.074722420150657  -1.7890149502521444
361  5.193510025682285  7.558605860080572  4.7252060771525555
362  -9.46170777808846  10.970627952129108  -0.4517369811998662
363  1.2279225924888137  13.75052599308826  -11.038272619337837
364  0.04241302722072416  12.373856209628187  7.848463096178553
365  1.91093898477037  8.992096606359823  7.355636859412751
366  10.299196390317608  2.9509279435564055  -6.2053061141081205
367  1.5302969198812126  8.637609075141764  -4.783197381825046
368  10.922402779618059  4.75319268550355  -5.249357200447495
369  -6.840428863740913  17.06314904700391  5.458345836489234
370  -3.6977024960628957  16.590811807477643  -9.977510455744211
371  4.066380802616286  4.52456673925646  -10.608980348053423
372  4.514883241089381  12.244586582999936  -3.3808762843251396
373  10.415175289364603  13.85940442249452  8.159770493384885
374  12.395334044002755  8.985075255571372  -1.2921437105463343
375  -3.1846250870147332  1.8039828941386584  7.610861436344403
376  6.319531782714829  15.241387238220016  1.7156686141166622
377  2.959604100949815  1.791885519212841  -4.401876288261878
378  1.7598239445212849  14.306020135693464  7.414987841880955
379  4.854598834788705  1.687612240267935  -10.352328685065993
380  12.153898882057875  12.411976782241407  -2.3364845302428146
381  0.4949062972852128  5.821775174327174  7.774675201152335
382  5.939913849270477  8.486763722865076  3.2866604081665134
383  0.4362668115875066  20.703896527269976  7.785793224003079
384  4.548329981846054  19.955918928110098  13.030328745868003
385  4.420351723018942  12.12782709121448  -3.4673718266057274
386  6.235361683611552  14.463570787983322  -0.2636217851368863
387  2.8920776478796255  16.903442014326142  -10.877535720033416
388  5.836840184145397  15.099952787895127  -1.5125216194019486
389  4.249158315273227  2.734503376207765  5.843740890500972
390  11.789366412568116  9.611846968788491  -3.444108331783217
391  2.29029857320825  17.504869033836506  7.189606051298534
392  -6.30995632820038  15.70303264639797  -8.19037319999219
393  -7.822228635669577  4.991893326588325  -6.406669664933004
394  4.307362283023537  18.121141733757025  5.7870865307865405
395  5.048975410548741  12.86938357532073  4.929930929482453
396  2.976656038304662  6.002772875745007  6.821331661024035
397  11.936366526823376  1.2036169667121006  5.068565286287535
398  0.8598692670708583  15.58346932141235  -4.812973023529016
399  4.239022689742165  9.128464911182956  -3.6225583484875132
400  -0.5880143294689367  20.461365854448832  7.906381300577381
401  5.939646314570488  5.558766220218306  3.2873729272403107
402  -8.310199981796156  1.4407784542219002  -5.5932791549344225
403  -9.126931595854241  5.201556746017985  -3.560091978999255
404  -9.372104871614901  8.484297228857598  0.4099354543981399
405  2.281125419488312  0.7784281430148937  7.193918722718132
406  -9.477240050436505  8.148988381606465  -1.0265975022149738
407  10.947284314772446  5.109955157874817  -5.206725323490722
408  12.132513112989255  20.795341325947977  -2.4126434378499715
409  -9.271726913418844  3.6013155274475177  -2.965063120722834
410  11.915494779716486  17.731486819258972  -3.0990872759151986
411  1.5984946606600163  3.526570784386567  -4.774970952627203
412  6.1210096149237145  12.16775508317788  -0.7303515469220452
413  8.174809314540397  13.84164644343084  -8.459376652042671
414  -3.893354980907827  11.233220901205272  7.375121798100427
415  1.1174062039587342  19.87558991852701  7.627093513108254
416  -7.864624292660829  9.074158577707983  -6.342498426836701
417  -2.9609744709204273  13.666827662768615  7.67072309096282
418  10.003680182762745  18.267862529624235  8.74096641734657
419  -4.0482335748685925  4.913394556967234  7.313901814756706
420  12.58909667202247  11.381310853313598  0.3460525260827531
421  -5.963011180581278  20.66784612884266  -8.50102516461728
422  9.813206946608897  15.988011992529845  8.9890411452791
423  -9.169939527741635  14.836091342679063  1.3886352218957252
424  5.238791887269446  8.223022903462894  12.708748288295073
425  -7.609219317045864  17.87563991427125  -6.713910995316355
426  1.2858169758794318  17.643596625991997  -4.804798187170455
427  7.346454045342178  9.197669090154983  -9.075269671762381
428  12.384584978838795  11.983183051150856  3.354706461800257
429  4.518089293165426  14.263589929683224  -3.377871689553861
430  4.658664816953469  16.56564160394437  12.982040144963573
431  -8.284534760717683  9.35628987057444  -5.6407515326102295
432  7.513055431083392  6.9655438704239  -8.960368243282918
433  5.851333837767985  2.9379025992140706  3.5103774229775406
434  7.1497801675526755  15.155368647561355  11.548756606480355
435  -2.3511110639033315  15.689695286748538  -10.515997127636053
436  -9.024864697847354  4.045372801065822  -3.903923763613932
437  4.902062477561189  18.002121228857344  12.871401388496015
438  -8.559978934797082  3.4216946685955225  -5.095305702190919
439  -9.293363662218598  17.366551354888035  -2.8591773898763546
440  2.102558669511443  2.7082988899171063  -4.684054030998031
441  -8.93434889253914  13.485383130055386  -4.175659518565842
442  7.84058094419438  10.914418969260192  -8.721649596353028
443  -2.656204948350626  2.810022972262038  7.7414947078029686
444  1.322990007396931  15.021116107230004  -11.035868079233664
445  -8.253406826212542  16.111310980381603  -5.697518114008737
446  6.173180960363577  18.7064858896559  2.53262530100358
447  -8.921174934756703  10.338532619961304  -4.213119108295399
448  -8.96394423598839  10.877287831650834  2.063900693601087
449  -0.3262979286296695  13.745235751326867  7.888575914812315
450  -0.41624039599699314  19.04341245153057  -10.949669997059184
451  2.882242528275506  8.014012706002614  -4.4343602795692965
452  -2.987528435523912  14.25545403253178  7.663969875998064
453  -7.160057988129207  12.447935076875003  5.122498600088884
454  3.3867260404265656  3.794047351616397  13.47169243631291
455  3.3068957986195566  14.408612426638388  -10.797728159443894
456  -3.987418664887475  17.904122378528943  -9.832554270449695
457  6.150592598309799  9.88643841574603  -0.6236658922931456
458  -7.214796543278757  19.96406109744208  5.06126054380393
459  -2.8711853775857272  11.559262724135799  7.692857504932645
460  7.231080130530721  18.54254533777136  11.489286344491157
461  -8.106752793849488  15.936621620997808  3.862985679740052
462  12.5037141167789  8.652879704795867  2.6016853721380757
463  -1.334370331546061  6.439479279502069  -10.790342216918972
464  11.79920538401398  8.319693011794506  5.455736280014742
465  0.1491014940787137  7.232761775060893  -4.741481049643417
466  8.741353455203766  0.9858412684331518  10.19354322927417
467  6.060675309005278  0.45417977498086315  12.262105021435334
468  6.134932299997571  8.406332792385216  -0.6810769779249075
469  3.094902453011001  3.9461282932098785  -4.341494807628891
470  1.1607315389085866  17.85152500734729  7.614755935830339
471  -7.081406586533748  20.237555475348966  -7.384407787287494
472  -9.403651648391826  6.032171931149102  -2.176351025359472
473  -7.2164694629561055  15.033685629375434  5.05937067573757
474  9.76179049985383  7.696231206646925  9.053978622071371
475  -7.969514037274415  18.12836088716569  -6.178980383345864
476  7.861725573238745  9.304129471359778  10.994857526615172
477  -7.640310657977342  19.733103442951215  -6.670553244198884
478  6.359617398448701  13.836991718978618  1.1210636832683674
479  2.3480961678234094  2.245161584151107  13.76948832330122
480  0.19921947413538957  2.6694165969269927  14.121655340953195
481  -7.808820578779381  8.615516960787144  4.311984783462996
482  9.338978246533737  12.070311488729088  -7.372172552587582
483  -2.9985214144028745  10.952201247816477  -10.283616485806586
484  6.3595342854533214  18.11570875674351  1.1249910820488975
485  -7.466672646192506  0.1077895749101907  -6.906728553174114
486  -1.270963672014776  2.5269943022004115  -10.80397365592631
487  -6.54021417616198  6.746102311553153  -7.967799292008765
488  -9.075224329883671  17.84807105030224  -3.7400530026331777
489  -6.667608549875818  0.083767537218296  -7.838486376400682
490  4.425659950257265  11.200186853389175  -10.499883668476839
491  9.968975594692633  0.01893813998554139  -6.641417362899183
492  4.131335608542087  11.352556617549766  -3.708513986313997
493  9.697284864732596  10.065600049998226  9.134286152306867
494  -7.960102509406874  2.757879804729565  4.09137559921339
495  3.1417808182761826  12.274611105996751  -10.831434726816235
496  -4.097270094316868  13.022849504686242  7.293764684361219
497  2.403829138099212  9.507152205696604  -4.60380231569541
498  -0.31267028965754157  16.752509756578526  -10.962602466620197
499  -2.4474755347207995  1.2611067834963832  7.782902656741732
500  -8.719717035180137  6.860051822611838  -4.734652287159497
501  4.250943754170806  10.084620857184618  5.842022017013761
502  6.230109766050837  6.916362293090842  2.2790436731947485
503  2.5726074991102132  2.5399310463657487  7.0492929157440765
504  12.605916605215734  2.4073489352245447  1.0161350051441271
505  8.810605693862772  16.251005066819065  10.124089731364446
506  2.7937136051379476  5.608787924667216  13.65241238034112
507  -5.957794665877021  13.932053017513388  6.2260486893457925
508  10.12261025212676  17.779979044277802  -6.443661940321
509  6.295714802046367  6.128308621120762  0.08227091621334656
510  7.831285444326893  3.9218165945837233  -8.728667661557514
511  -6.5809693932031506  12.039399697527221  5.70636446149268
512  12.602701961239434  16.818929855121713  1.2822976885772628
513  6.302277262696913  7.390509774766225  1.8537782229578184
514  12.315900664223237  17.59503757206834  -1.6839169140230672
515  3.3986505232342523  20.586047973685822  -4.188655195094052
516  12.594929208750443  13.732402114127451  1.5237444795409016
517  -6.546951241484294  18.774335026231675  5.737394458050028
518  5.859473963416041  1.9264040914909661  -1.460894885857086
519  1.940868624561902  7.957460351450731  7.343433767562146
520  4.463691499530407  18.182575288963836  -10.487570062961538
521  -7.799856637882702  15.325471155366003  4.324619890195066
522  5.593637608538992  2.056120206495322  4.058462530714881
523  5.416126931438849  4.871755172331626  4.375473790095473
524  2.7801791906325195  6.965139858489883  -10.896305195063473
525  -1.916442117508116  13.158079768820036  -10.646359023192165
526  3.0118693648919637  15.69723149401683  -4.379095051648983
527  12.132900596999896  10.134075910706985  -2.4112800446990628
528  5.846633215806489  0.5687218800018546  -1.4903469213898137
529  5.354180340308968  18.323272466443107  4.477534682209349
530  0.6328703792417679  19.55763663556489  -4.801904192833742
531  -9.467254459735841  7.581583402050893  -0.5587461545210288
532  12.557498373836452  17.007920213613637  2.10214949709563
533  8.285252518650896  10.962597197358802  10.62680531034752
534  -8.541555309032303  10.007268289359187  3.0772916707524374
535  4.680813480493164  19.618167487282218  -3.2188856519037556
536  -8.914662809226153  0.16982682329810594  2.202067678512523
537  2.9291515996969646  8.77708280746002  6.849889555929912
538  1.7063440146821987  4.949123449141502  7.435100454797207
539  5.268746426743519  9.832685348098542  4.612099137399245
540  5.791596915698843  9.835146503009579  12.416405907351583
541  -4.802953406607651  4.047318223604045  6.961867145276113
542  0.15981173324115544  12.111948482372577  -4.743376407894101
543  -9.370774949127103  8.199068236745438  0.4187121666958364
544  3.5155195819855147  19.654223337244872  -10.751435020519091
545  12.2169340507405  19.658413569462702  -2.1001377231646083
546  8.615304091594584  8.02814010621417  -8.082138712831098
547  3.720049251420233  15.86390882404568  -10.701994264139172
548  6.292859369287691  13.072525577289765  1.920514646740016
549  -1.261220104339792  7.8092407653844145  7.91216405072185
550  -8.391125679221947  5.5152513931303035  3.3706740183208845
551  5.769507584057858  19.375359693405528  -1.6587757860308059
552  -6.771709077205575  3.973380771387135  5.526053529393561
553  4.632512006880106  16.5847790750946  -3.2674413014831134
554  4.055630128535654  15.838974153328275  -3.7663461949963692
555  12.588703464705167  4.3728011166010585  0.33850597645524677
556  6.303225512317331  7.831738748325055  0.135520673948365
557  -8.870928814206062  9.387924955338459  2.319147270847316
558  -4.065314377679038  10.501071495719774  -9.791663508549114
559  7.377796639342826  12.605534977082595  11.379584180030053
560  1.913713731618976  7.34943015972057  7.354511815235433
561  6.359940022382567  12.564641934412474  0.8718346715881373
562  11.956494230750067  9.193842287159844  5.008260328493097
563  2.095660733306796  19.954889706633942  7.27790432763481
564  3.6720613139790124  14.536965833413703  6.342968458505811
565  6.053024703633847  10.941129878462435  -0.9512270376164292
566  -7.720525002462668  11.824327237293977  4.434446707580331
567  5.647475196198803  2.2858465496395346  3.9538688581839274
568  -1.9288060493150252  5.785635260992325  7.861420364379804
569  -0.023195598477595888  14.821791097254602  7.856899644235305
570  -4.06751575701804  20.677217093945192  -9.790495854379198
571  -7.771197365738605  6.360807497975349  4.364705346842465
572  1.1776975259811087  20.805992830005987  -11.039212923655649
573  2.274381425987802  7.396591776899231  7.197079678275452
574  0.7985818368788454  9.530295969152787  7.709516064796202
575  0.228961852515422  20.46267130110245  14.119095540861643
576  5.4327233064237985  17.348087422119296  4.347438668149276
577  9.372039947702977  11.072095083488215  -7.336686649439244
578  3.4517842439197453  20.635164581286627  -10.76601882829143
579  -1.9094185885353887  20.7227488128136  -10.648302423187287
580  5.336683597233185  3.286841656293589  -2.4159698248344332
581  0.25012765889554084  16.528549542155886  -4.758337239492675
582  7.945702493700239  5.695340831237408  -8.641262037853206
583  3.874312031175428  6.3709746537809595  -3.8966380081379226
584  5.2774588236140385  9.076687202447117  4.598685411813792
585  1.4225520754397059  10.017403015833096  13.963363818671288
586  4.338306257286808  2.8433075041476603  13.11909720061393
587  9.047334755474699  16.04173156895321  9.878750594999984
588  -7.223909181220153  0.6906257275783383  -7.214539598243732
589  -8.256325905217766  20.17971727698766  3.6130563878483604
590  -8.504410131065518  5.607173673231545  3.1522390308262254
591  -0.47752617238881667  14.837289876725762  7.89993570184527
592  4.188339491796735  11.190731464494167  13.179996337361013
593  12.237294239710998  17.619796863405085  -2.0195174575154407
594  1.0690543464034896  4.283323653225593  14.020365413747662
595  2.2727666521943566  0.6375311524924038  7.197835319536844
596  -7.428765496565268  3.7029710552026067  -6.956433262915474
597  1.611435574551073  14.296427598352535  -11.023569126379195
598  -3.801510245643579  17.08285843823264  7.409739994179276
599  -7.167566310260804  3.3409272269956154  -7.282603609064373
600  6.306440594098339  12.106723287772324  1.822561809397843
601  1.399312838196959  1.1288493822435282  7.541810775409162
602  5.718805564441355  17.370030035713366  -1.762471681618204
603  -2.404408827016758  1.890798909102557  -10.498623769783858
604  -0.05998932429109643  3.6932016021312304  7.8613834897274355
605  -6.619239377133069  13.659631083061381  5.671056658779526
606  -3.573629610772995  9.866440574672534  7.490322001054651
607  2.484573804450635  5.763471762752704  -4.578891365041694
608  10.937078577997363  19.798381353105945  7.310981829133277
609  6.273010501879827  11.774292084998192  -9.72026797041314
610  0.6798609572469235  3.3715364156060375  7.736515313645626
611  10.758991830548688  8.869004057690375  7.617123419733507
612  0.9341906707198989  14.860150184719469  -11.04053522929067
613  1.1024412643128558  9.605401124681348  14.015377338639672
614  -8.537885774595487  2.221484900964608  3.0847739715062703
615  4.934481087158773  3.64449534566967  -2.9429125496752473
616  5.337840695263939  5.24188236459354  -2.4142565345261224
617  8.026109389443414  11.476618268413176  -8.578487592046688
618  -7.493018340013336  13.342649932201448  -6.871804915717411
619  6.015301461222269  10.00127955105093  3.075155342710218
620  -8.89652327008379  4.455932241378798  -4.281948906000367
621  -9.325285566126713  7.21301329662305  -2.690564170173106
622  12.458676314729383  18.287007541932866  2.921977240714708
623  2.5001239174492857  5.085914776893333  -4.573925664173911
624  5.055773284757804  13.865836815375548  -2.7969575580272523
625  -7.6152747033126  8.06938681508281  4.574888069968359
626  5.828713288888036  20.13469579005817  -1.5307403445122625
627  1.4859042207089037  0.17122221705622653  13.952165748893158
628  6.2914258130080905  6.6176164358028835  1.9302547217379384
629  -4.525947068420908  15.926684329527008  -9.532401397716207
630  -7.669005018945953  0.5883985378127009  4.503918881981069
631  10.675853258568337  8.084600035839433  -5.651582651044846
632  2.4788428318762166  20.029796009982267  -4.580707710313806
633  0.6537584038069078  14.17827690181714  7.742187436628173
634  -8.771495371285646  2.3286193792351626  2.568752036755302
635  5.075872911428176  1.9554167667252886  -2.7717877693173856
636  -2.5589919874628326  19.78459458301653  -10.446480641392688
637  -9.244840907951435  19.35813900818373  -3.0889597751877425
638  12.481240277947244  3.5604843751561823  -0.7684911381582352
639  -7.599065419480473  18.192582555050276  4.5960091904755185
640  2.6471754250425974  15.71255236098222  7.009702626117248
641  1.258326978412103  8.363238921499308  7.5859473240192745
642  5.518876645538703  5.110768436578802  4.19680581370073
643  7.974173468377091  2.859142418679218  10.900134148210407
644  11.594257667282054  4.107988787350388  -3.9233533343494504
645  -0.7574242322663544  10.904310298258041  7.913240801651872
646  -7.969893770499104  0.4987558238093608  4.076594235695391
647  4.617932122899716  13.276466178319746  -3.2818664285862025
648  -6.834707787312295  12.6666948412018  -7.661681922663966
649  6.411074240303558  13.435426808547687  -9.645973478313486
650  5.74777411483801  17.258530905980336  3.746141962407311
651  -7.5851857643427545  1.2178015334436294  4.613990466124215
652  0.8528964432953685  20.269880663102267  -11.039780832220885
653  -7.61744582261033  10.377135253274043  4.5720490047299425
654  -8.798772058420447  9.933909564118816  -4.54032272508197
655  6.319142291154412  3.454118836961553  1.7190757988769494
656  11.417086211341433  13.832414259797728  -4.314381051388305
657  4.9346527837275165  18.308890715645674  -2.942712820746958
658  -8.802500562023795  1.6085325089440587  2.493188490358103
659  2.889028160719974  6.509537637419813  6.873634439497583
660  4.780314784367534  16.211759981286175  -3.1149966639884843
661  12.496826822335585  0.8116136029792899  2.654734502190684
662  6.272423078951779  12.180113126152563  2.0508740282553966
663  -8.75461441249998  4.654736053998021  2.609098135280793
664  -5.102073123009679  11.259371403410459  -9.162784944920512
665  4.098928057860083  2.9118832560079753  5.984225161746637
666  -9.064038199387833  7.414292406030977  1.75885575957201
667  -9.31425071593169  7.509009785249276  -2.7507299119442
668  -7.727267471113572  8.453568025047712  4.42524888465137
669  -2.256750379885456  20.43032927709455  7.815790583452277
670  4.744484072185411  2.8352187158395035  5.316037553163712
671  10.250677264279528  5.727173946237735  8.400132633021634
672  -9.476175253510872  14.17128804191153  -0.8489362024654437
673  3.634715897224296  7.475174079193807  -10.723113037543753
674  -9.248859533265106  19.358411502664794  -3.0709277887853887
675  3.192502265342661  7.83585436927383  6.685300697445681
676  -9.03732108677207  20.24990052776992  1.8438955228585117
677  12.414321347120886  3.922140741124501  -1.1876003137623599
678  11.934298282626814  9.819058185413551  5.07470653286025
679  7.189932812775141  11.07305403747057  11.519501283625742
680  6.033449738962032  12.048517871421216  3.020634348347479
681  -0.8902221818360024  8.382405289326952  7.916069867004402
682  5.253373979170887  11.313255175362412  -2.5359741198012866
683  1.5494462626207375  4.991643163499931  13.940632083130023
684  -3.5150215425136677  5.319099994453597  -10.063311306267128
685  4.001414964805187  1.5881623321049254  -10.627328032565812
686  -6.968464040529441  11.359521943116135  5.328082937876166
687  5.247122047916497  10.265611615262186  4.645102756498505
688  -4.067180906631775  20.32565425196861  7.3061643329919645
689  3.0361888498561953  16.508832756243564  6.784851269239259
690  -9.279929833221571  14.569221922467198  -2.9256243523529926
691  12.244102087526917  5.983197659310874  -1.992039190711428
692  12.550425708473822  4.698474616671205  -0.18332522145246233
693  3.183187567861031  14.501378445666841  6.691389177837394
694  6.352297511792306  4.653472266376608  0.6558096320375983
695  5.848661125876848  1.5623555651299117  -9.933820927964456
696  -6.132054034751439  6.9843492629583315  6.090600125488017
697  6.360667139057831  11.56863693835543  0.9226894628895642
698  -5.767788023088918  4.204194758674982  -8.663934569231092
699  5.037871519432816  2.347535356756188  -2.819131788614934
700  4.397327300091832  18.16552799123066  -3.487840219322677
701  0.5469551286530479  9.627870610611431  -4.794873865213481
702  6.186396677531061  0.08927772221379571  2.477738350019535
703  -9.04694482603235  5.206687630273087  1.813594919574282
704  6.236858667364327  0.9481127827209929  -0.256256826841278
705  3.2323957292674015  5.350741535797546  -4.275345612091859
706  -9.330912472384698  8.918920789109848  0.6596490374698586
707  10.463610069168746  3.016183543271082  8.08677208011117
708  0.521518256767424  19.676518043739488  -4.792490090066439
709  5.744332082221963  9.711667458044731  3.7535788324686075
710  10.58738398610807  18.063749111378396  7.895290190458382
711  -3.216497682806004  17.297338855520753  -10.194564438309104
712  12.534857119617513  2.4510785863301763  -0.3379905902719222
713  10.020251565031785  1.9091753852121203  8.718800026771328
714  5.974256419509605  11.817602413328501  3.193075279348376
715  7.407050781352091  0.6500249994986163  -9.03397112559342
716  4.518716616655513  16.583116598363087  5.569980055865901
717  7.432607659955604  6.912565807154506  11.337799263721388
718  5.396741780176039  15.096673617977332  12.628499539135147
719  6.2108465371496635  4.037219745708251  -0.3782727693698689
720  12.124436611699558  6.7118693425352225  -2.4409267233711347
721  2.215902715818351  13.540543451771892  -4.656183882491135
722  -6.137695983577696  4.744211605229401  -8.348142082766117
723  -9.120561089641322  4.322702096279956  1.5685752997026494
724  -6.12459086976803  7.372690819697933  -8.35985434429329
725  9.14361329640953  0.1664960315132491  -7.576078781118048
726  12.14776713092213  14.778086211977472  4.37679928542886
727  -9.449421573262939  2.380555445404218  -0.26915568724597794
728  3.4591625247182307  4.902770877331879  -4.155215493380306
729  9.67597701588157  1.2935887552139533  9.160535731196187
730  2.864780337469824  9.349487690272642  -4.441490747811565
731  11.39088391532384  5.724356367328077  -4.369245926134156
732  5.32654087918654  10.810619220701644  -2.4309316377691235
733  10.49878284532582  14.166253368787633  8.033093503101671
734  -3.1979168448475437  4.082838781882838  -10.202375502134759
735  1.6533912644036866  6.970685593304842  7.454562495647594
736  12.292245261319875  11.834158208579147  3.7999196350675493
737  6.358963787389921  5.0661830056577175  0.827116592766976
738  6.040385934229161  19.215297519447  2.99937352507943
739  0.5455400058807125  0.8171429716797065  7.764696917752465
740  -5.925415501814227  3.1445318683039316  6.250433775609371
741  5.9758892831381045  6.181431917224649  3.188516141190763
742  9.186141392845762  14.301998599255331  9.728894433080187
743  -7.501823169176412  1.895950675792985  4.720015848119634
744  6.001294851235095  18.607169156633084  12.296857471901314
745  4.863769681761602  18.99785946081783  5.171335382622416
746  -8.730384908611295  13.596836848796976  2.6660744738203164
747  11.722799038140584  8.064929449359493  -3.6142527354689045
748  1.4084989407045705  5.843468466141945  13.965807175782064
749  -7.965596840055909  7.216743008660409  4.083088970161405
750  -8.779355382807264  18.47418922722249  2.5497781345206305
751  7.20302438180102  11.14419787540971  11.509913882344344
752  -7.0524488682428474  19.495941898885757  5.239594896293268
753  -7.503529773035863  10.491315251948992  4.7178784616639815
754  5.8529027735593635  4.419230216794424  12.381962476702423
755  -9.391407125976883  2.0047922314424973  0.2755283391068025
756  5.478703788867604  14.122918078593774  -2.195138360765396
757  7.121287548870102  6.169438680368934  11.569380101613405
758  -9.437773974429474  13.308891247966775  -0.1312785124762339
759  -2.069620888802987  19.547469100499377  7.8435105023522524
760  10.628776093410824  0.3652038470696789  7.829596115400825
761  0.7839538432301794  1.1416437389331382  -4.8104757423141855
762  6.4645775343592735  7.029730740026936  12.014804501421565
763  4.066258527595494  6.467025991224408  -3.75835270335527
764  3.5419637204674856  8.128355180258609  -4.107773415956854
765  7.037464803129452  9.334319020199091  11.629403264963127
766  -9.019082001771855  8.629447173573437  1.9003480791405032
767  6.357764048495791  2.0080513060761707  0.785263140126027
768  2.3242519000166726  6.995841573160878  13.77531058580547
769  -0.1396732018446778  2.5275402015855097  7.870486966954512
770  7.133476361952258  4.366516116094319  11.56057140392491
771  -8.39190074029189  12.484232107233574  3.3692279462718413
772  -2.6204742813005173  1.037517907768374  7.74898723765422
773  -7.794326949842581  6.075776836718897  -6.448328171463937
774  9.928505555688503  12.55878382018413  8.840326636073286
775  2.6027418470412598  5.595191197282653  13.704518549673187
776  3.0481108094898484  10.933425953051305  -10.849413410754403
777  -2.6487952105920836  9.297083776038983  7.74306227057292
778  12.332431891944276  12.958703151085613  3.6158036870849424
779  8.783415529283122  17.728673024025294  10.151480351167796
780  -9.035933596528615  5.9277059252486834  -3.868769004035537
781  4.687549857491831  18.54110090819561  -10.412071896195622
782  12.098826645534077  13.574863543127236  4.549917310141643
783  1.865544895990961  8.629297860687004  -11.006492793611635
784  -1.6525021938953373  16.789006638062393  -10.715901495509357
785  -3.5848924004343354  9.106067508351412  7.486514922650406
786  -6.0635572606343535  14.07339606214173  -8.413876252090958
787  5.260613391285673  18.348788156527668  4.624560055941357
788  5.283413025711726  6.769498397723463  -2.4934484841514686
789  4.632694480096432  9.88911880797961  5.444845357751728
790  -7.797516519270534  8.431624380410371  4.327910712822184
791  -0.8409480716579816  2.4371224716363225  7.915280862119068
792  3.700821943927614  2.187773543099722  -10.706814352849172
793  -3.7197514749038123  2.1925342537813473  7.439515695808331
794  -9.460657815304911  18.35755379792616  -0.43378668042344487
795  2.9049286138003456  18.806492135534185  6.864265491383097
796  4.130328187289076  7.137796135270391  -3.7092973800670905
797  5.218768850796013  18.57467077429169  -10.211762001262802
798  5.848602164869318  19.74934553198814  3.5169226533181273
799  -8.620684943989657  15.951249620881024  2.9115088084551135
800  -6.52528976939281  4.958217300330664  -7.982652144460889
;
param y_test :=
1 1.0
2 -1.0
3 -1.0
4 1.0
5 1.0
6 -1.0
7 1.0
8 1.0
9 -1.0
10 -1.0
11 -1.0
12 -1.0
13 1.0
14 1.0
15 -1.0
16 -1.0
17 -1.0
18 1.0
19 1.0
20 -1.0
21 -1.0
22 -1.0
23 -1.0
24 -1.0
25 1.0
26 1.0
27 1.0
28 1.0
29 1.0
30 -1.0
31 -1.0
32 -1.0
33 1.0
34 1.0
35 -1.0
36 1.0
37 1.0
38 -1.0
39 1.0
40 -1.0
41 -1.0
42 -1.0
43 1.0
44 -1.0
45 1.0
46 -1.0
47 -1.0
48 -1.0
49 -1.0
50 -1.0
51 1.0
52 1.0
53 1.0
54 1.0
55 -1.0
56 -1.0
57 1.0
58 -1.0
59 -1.0
60 1.0
61 -1.0
62 1.0
63 -1.0
64 -1.0
65 1.0
66 1.0
67 -1.0
68 1.0
69 -1.0
70 -1.0
71 -1.0
72 -1.0
73 -1.0
74 -1.0
75 -1.0
76 -1.0
77 -1.0
78 -1.0
79 1.0
80 1.0
81 1.0
82 -1.0
83 -1.0
84 1.0
85 -1.0
86 -1.0
87 -1.0
88 -1.0
89 1.0
90 -1.0
91 -1.0
92 -1.0
93 -1.0
94 -1.0
95 1.0
96 -1.0
97 -1.0
98 1.0
99 -1.0
100 1.0
101 -1.0
102 1.0
103 -1.0
104 -1.0
105 1.0
106 1.0
107 -1.0
108 1.0
109 -1.0
110 1.0
111 -1.0
112 1.0
113 1.0
114 1.0
115 1.0
116 1.0
117 -1.0
118 -1.0
119 -1.0
120 1.0
121 1.0
122 -1.0
123 1.0
124 1.0
125 -1.0
126 -1.0
127 -1.0
128 -1.0
129 1.0
130 1.0
131 -1.0
132 1.0
133 1.0
134 -1.0
135 -1.0
136 1.0
137 -1.0
138 1.0
139 1.0
140 1.0
141 -1.0
142 -1.0
143 1.0
144 1.0
145 -1.0
146 -1.0
147 -1.0
148 1.0
149 1.0
150 -1.0
151 1.0
152 1.0
153 1.0
154 1.0
155 1.0
156 -1.0
157 1.0
158 1.0
159 -1.0
160 -1.0
161 -1.0
162 1.0
163 -1.0
164 -1.0
165 -1.0
166 1.0
167 1.0
168 1.0
169 -1.0
170 -1.0
171 1.0
172 1.0
173 -1.0
174 1.0
175 1.0
176 -1.0
177 1.0
178 -1.0
179 1.0
180 1.0
181 -1.0
182 -1.0
183 -1.0
184 1.0
185 -1.0
186 -1.0
187 -1.0
188 -1.0
189 1.0
190 -1.0
191 1.0
192 1.0
193 -1.0
194 1.0
195 -1.0
196 1.0
197 -1.0
198 1.0
199 1.0
200 1.0
201 1.0
202 1.0
203 -1.0
204 1.0
205 1.0
206 1.0
207 1.0
208 -1.0
209 -1.0
210 -1.0
211 -1.0
212 1.0
213 1.0
214 -1.0
215 -1.0
216 -1.0
217 -1.0
218 1.0
219 -1.0
220 -1.0
221 1.0
222 -1.0
223 1.0
224 1.0
225 1.0
226 -1.0
227 1.0
228 1.0
229 1.0
230 -1.0
231 1.0
232 -1.0
233 -1.0
234 -1.0
235 1.0
236 1.0
237 1.0
238 -1.0
239 1.0
240 -1.0
241 -1.0
242 -1.0
243 1.0
244 1.0
245 -1.0
246 1.0
247 1.0
248 -1.0
249 1.0
250 -1.0
251 -1.0
252 1.0
253 1.0
254 1.0
255 1.0
256 1.0
257 -1.0
258 1.0
259 1.0
260 -1.0
261 -1.0
262 -1.0
263 1.0
264 -1.0
265 1.0
266 -1.0
267 -1.0
268 1.0
269 1.0
270 -1.0
271 -1.0
272 1.0
273 1.0
274 1.0
275 1.0
276 -1.0
277 -1.0
278 -1.0
279 1.0
280 -1.0
281 1.0
282 1.0
283 -1.0
284 -1.0
285 -1.0
286 1.0
287 -1.0
288 1.0
289 -1.0
290 1.0
291 -1.0
292 -1.0
293 1.0
294 1.0
295 1.0
296 -1.0
297 -1.0
298 1.0
299 -1.0
300 1.0
301 1.0
302 1.0
303 1.0
304 -1.0
305 1.0
306 -1.0
307 -1.0
308 -1.0
309 1.0
310 1.0
311 1.0
312 -1.0
313 -1.0
314 -1.0
315 -1.0
316 1.0
317 1.0
318 -1.0
319 1.0
320 1.0
321 1.0
322 1.0
323 1.0
324 -1.0
325 1.0
326 -1.0
327 1.0
328 -1.0
329 -1.0
330 1.0
331 -1.0
332 -1.0
333 -1.0
334 -1.0
335 -1.0
336 -1.0
337 1.0
338 1.0
339 1.0
340 1.0
341 -1.0
342 -1.0
343 1.0
344 -1.0
345 1.0
346 1.0
347 -1.0
348 1.0
349 1.0
350 -1.0
351 1.0
352 -1.0
353 1.0
354 -1.0
355 -1.0
356 1.0
357 -1.0
358 -1.0
359 -1.0
360 1.0
361 -1.0
362 -1.0
363 -1.0
364 1.0
365 -1.0
366 1.0
367 -1.0
368 1.0
369 -1.0
370 1.0
371 -1.0
372 -1.0
373 1.0
374 -1.0
375 1.0
376 1.0
377 -1.0
378 1.0
379 -1.0
380 1.0
381 -1.0
382 -1.0
383 1.0
384 -1.0
385 -1.0
386 -1.0
387 -1.0
388 1.0
389 1.0
390 -1.0
391 -1.0
392 1.0
393 1.0
394 1.0
395 -1.0
396 -1.0
397 -1.0
398 1.0
399 -1.0
400 -1.0
;
param A_test : 1 2 3 :=
1  0.6200218692932489  14.455416723856874  -11.034299760957827
2  -5.984629859831672  5.596434955947102  6.205655882279656
3  3.5918900944806604  18.075394107321433  6.404350234101137
4  11.119824308474307  19.380275122519105  6.975514212960691
5  -2.2591417024684057  20.72495063760328  -10.545254619063828
6  5.076881156261643  15.462115216245078  4.891601416844948
7  9.762574402718474  4.990989569865386  -6.8942394853723075
8  -9.189550416840714  17.093171598376507  -3.3223761606873032
9  -6.306214307981258  4.568049577108896  5.947823385496765
10  4.472241924495496  2.4335184414580375  -3.4203898243950204
11  5.896299466902452  3.12884614962722  3.3997306650708543
12  4.781603372120075  5.311394195224777  -3.113615828087881
13  3.205452941723407  12.273733931074108  -10.818742033197022
14  8.126903757410448  17.0144634046817  -8.49818422515823
15  -7.250941235791096  5.314419129650947  5.0201826130724685
16  2.5580966209655784  11.731572955783252  -4.554930127467739
17  6.311005007357981  18.539605296902643  0.19455275531019314
18  6.757614826222851  9.733464552574613  11.822955855643986
19  11.169245249525131  0.9205337843211618  6.880616138837951
20  -4.863156493351084  11.444947358347797  6.929733464970994
21  5.875268573487456  19.401135987515612  -1.4240605336177397
22  -7.659666516776925  8.536595573150304  4.51636069080698
23  -7.127163152592806  7.326968368885434  5.158749087138329
24  0.8966015944295241  10.156455063100152  -4.813749378185492
25  5.438807082415122  11.3459238047202  -10.119791929521869
26  -0.9476161371999677  1.7014514004837302  -10.867358846487484
27  -7.01610200421735  10.281213250247696  -7.459802676196626
28  11.938591912415566  5.045095018903738  -3.0322258837394496
29  12.361909943482924  13.633768954769476  -1.4649814124690668
30  6.067944919357548  11.082800327934937  2.9123948359785476
31  3.3044043262499785  11.926297644790873  -4.238716874979527
32  -2.684526335634673  16.665282491462992  7.735436649009229
33  11.71088514331654  11.052016187122426  5.686281536048471
34  10.280750124248058  6.039527409879702  -6.230790059346811
35  4.772946276920743  2.239334541874961  5.2822174279104015
36  6.843521762081638  1.7511841240728  -9.397185214093101
37  -8.133279465789782  7.9084713740513735  -5.908799269067583
38  3.7355211414062612  6.979668859959727  6.293110708244279
39  5.603654655042478  6.29011441545782  -10.047321189748446
40  3.3393716720519833  15.713235599427776  6.586590812765127
41  -0.6150767186166238  12.542240472822797  7.907722311322955
42  6.247794387945085  19.812896717403348  2.1890727182883594
43  -8.524017535262644  2.809069017615433  -5.17147185927619
44  -7.899440029271853  2.987717432634918  4.181555749377405
45  -3.395406905731036  8.171014704875331  -10.117216959807722
46  0.47591646580811126  18.757668778864296  -4.787868988568776
47  -5.383261637084115  16.475892314796216  6.624927853685905
48  1.7558371991136308  9.650770641676448  -4.7523109924529665
49  1.998464646759054  20.300588557748913  7.319527060737183
50  4.013569729161113  3.4893438916031316  -3.7975842154745982
51  -8.960213501297517  14.556576157484091  -4.100664039670799
52  9.123147392869603  18.798521471576343  9.79747338518553
53  12.514793626800804  18.753467684005486  2.51240946777489
54  -9.310666984453961  3.3080787296822804  0.7690073008862159
55  -0.812309684434332  4.4747854153859485  7.914681005018329
56  0.09853691808172925  19.693611243563293  -4.732182899257594
57  -2.22638677420093  20.288728495274352  -10.555455382117918
58  0.8239532207196448  9.908193670313022  7.703489217295472
59  -4.342738165804195  2.25194173191894  7.187388853284324
60  -4.30515462740343  18.129436915968697  -9.660473838043979
61  6.360349350649402  20.204376414032783  1.0794614151473942
62  -8.386429214587253  2.749083498167055  -5.44852443813234
63  -7.96544705828626  0.14946809374323622  4.083315140013315
64  -3.272369293653002  12.56978433122676  7.585511764245849
65  12.59718131982438  19.820883682526013  0.5275068481590403
66  6.620463241054907  8.120050042462541  -9.528612110467717
67  6.182797996092092  5.563239314330922  -0.4979635666794163
68  9.843515393688797  10.144001584664762  8.950368957022498
69  0.08577257510314248  8.767107571752705  -4.72974404413371
70  5.260605832904436  6.28133906479727  4.624571609290925
71  5.772180059287214  17.482008485896497  -1.6531646649012846
72  -0.6002859604331892  19.027098232742617  7.9070009662713385
73  6.012776580480406  4.326753066966681  -1.0695075019980904
74  3.475287787695982  0.6201773833579668  6.4905399451799335
75  -5.017632339121716  11.921544518485392  6.8443715585291995
76  -8.886860539927204  12.562353372717933  2.2770604566455437
77  4.086829001530539  4.284606072027949  5.9951936002084825
78  3.1997428231976546  1.3757360596391255  -4.29150130592672
79  -9.0992071575296  2.9017539437064883  -3.6581972920976207
80  -3.2959757395833025  6.680787877133029  -10.160684044206583
81  -1.0987824594630597  6.44635999985783  -10.838995188648964
82  1.3304341208841857  1.7017755162980608  -4.8017750442262495
83  4.797891476753596  7.523076076880933  -3.096081192504212
84  0.1657019147707401  16.54934900193146  -11.009377213595727
85  4.6739790043198335  4.6096134114969685  -3.2258286128296034
86  3.135672591135433  0.9187249396658266  -4.322390909458026
87  -8.055545444671143  8.663303175107584  3.944485536742953
88  -2.377440495713564  5.250042426907174  7.795525500013932
89  0.6953655237398569  13.696017399837078  -11.036612282346105
90  1.8884910178872958  7.864709002496941  -4.7291931408708825
91  5.818044422236211  20.112439693940736  3.588860801250309
92  3.2440244966532195  15.874417605662545  6.651257414840631
93  0.5906569112019179  14.956720617912163  7.755509123756569
94  0.35762960088012374  1.091394192361483  -4.773787360858563
95  -8.787110193768035  6.489741783236153  -4.569748198829031
96  0.5909933245897654  10.365664628046964  -4.798673837475629
97  2.2934357366458604  18.943408328790845  7.188127659888951
98  9.98133788571639  19.976654480577473  8.770700085350999
99  6.183582465999365  0.0724539652332108  -0.49475709532596984
100  -2.8282534669762245  13.045367416688538  -10.349314671491898
101  -8.269436672944806  19.3575606854068  3.5902396497124083
102  8.728048825884446  14.708161861984479  10.206770593816993
103  -7.516614292256547  16.572604713587154  4.701445774105885
104  6.245125432139589  2.8731853277625428  2.203088005200307
105  0.5768183891073122  7.3046753828661775  14.084428824474244
106  5.928991087631352  0.8952597937516643  -9.895069975554149
107  5.577381807525649  6.427249181870636  -2.0275892712238326
108  -9.35020696465506  18.10299755084116  -2.545920686316558
109  1.9183327017439833  11.913759695471597  7.352636167611312
110  11.682877558980111  20.267921045156505  5.756754700476285
111  6.220323927402118  0.679554019499058  -0.3352024396168433
112  -2.2962007179520407  10.32376091469062  -10.533574820476632
113  5.346846248205658  13.55663769033201  12.654127646864634
114  10.056217484921063  0.09084120121317851  8.67035610448155
115  10.642417023202556  10.42162543590751  7.807756699467572
116  -0.3180694885020501  1.2934216947639747  -10.961953113980844
117  2.1312120103257755  12.656570278186107  7.262273606529565
118  3.5151662646079274  17.30990436836467  -4.123343216445154
119  6.324524094859163  10.621780948218213  0.3095891158138632
120  11.072374654066849  17.824261496246304  7.064884902852266
121  4.314515329566852  12.887440280247814  -10.535024340694635
122  4.741733238614197  7.312370990297503  -3.1559140666259307
123  3.6145817301342227  18.22628330401276  13.394448914880968
124  -9.476673917234367  10.125360109782715  -0.8861201496646784
125  6.324189808781292  16.17365239392668  0.3065050049538477
126  -9.062502501047758  15.555776485517343  1.7638231720741426
127  -4.928250440869192  9.387776515678475  6.8942780459913005
128  6.072982050646763  10.671819941445522  2.8960365084280713
129  -3.337495893191782  13.3264656414737  -10.142680145407443
130  -9.37973071899793  18.651221433789974  -2.3544050004171235
131  3.8636982888694344  3.665535346331837  6.188843180558314
132  11.772532584840969  20.889393561678897  -3.4878491572578922
133  -9.14289839787248  2.232411427645443  -3.501738560355937
134  -0.4547547967810127  2.9520925171246586  7.8984130765837595
135  6.178174062201729  0.37409970458725417  -0.5167136412621555
136  -9.419541230340943  3.7921293643679923  0.04816794991020094
137  6.119338329526807  16.16331277959034  -0.7361619968404229
138  9.530401586857105  15.279484541639347  9.336303802622806
139  -9.366171371922265  18.68395062441831  0.4486681778397767
140  9.757581150287757  14.596522837250417  9.059258208342676
141  0.9774316439956905  10.964800529646093  7.66508016671984
142  -8.422636048981696  4.308817573303733  3.3113655262296775
143  -9.43164136599698  16.097835275995998  -1.9252992588265898
144  10.781702345681708  16.595505943472343  7.579121357671773
145  5.499667288729162  7.120107210207079  -2.1605943538257137
146  -4.888910602302079  8.885913729515494  6.915794561753275
147  3.9322998162942064  11.24162590399915  -3.8561924196050468
148  9.63025308409787  0.9368917031403687  9.216407073470169
149  12.2534470600354  15.706377203725818  -1.9538738038138113
150  -5.0252469265477355  11.375023266867542  6.840053835982889
151  0.22560063432282318  0.4681480012237206  -11.01374466846064
152  -9.032707802924394  5.481471003996682  -3.87906196818827
153  -5.1814776623132754  7.3043733680810385  -9.107551244234378
154  12.543441864049788  15.85623376021385  2.252180721799215
155  1.7805156383974883  5.529722401838035  13.896126265812203
156  3.7810652177530297  18.13631758676762  -3.9593576560471533
157  -8.073708413955213  1.5605915750423667  -6.009319750401447
158  10.45607337215299  1.774692761819645  8.098200383831104
159  -4.73969281646696  20.618233898485208  6.994960220199133
160  4.805078255613184  14.168617004690446  5.243513247764905
161  5.61915664437614  15.687992311918107  -1.9526068637103176
162  -4.0379724778698005  19.800066380859136  -9.806110779794784
163  6.124182123861852  5.3203292758077785  2.720411690770721
164  -3.406806340675618  16.615924311037247  7.544605774018562
165  -5.073219211341862  7.990743805270856  6.81261079334294
166  -4.106495190457945  16.380873560793443  -9.769709859672318
167  5.612893084872335  16.476010746319528  12.514462104081764
168  1.5080951143551877  0.6280168017099128  13.948172243279632
169  2.3986501134504916  2.832381511429152  7.137507558483128
170  4.352522563933991  7.513453540413447  5.742228544046827
171  5.564970006557319  11.213228817333668  -10.064606032952652
172  2.4044401437835163  19.34912185680021  -10.950850788043752
173  4.009095427070871  6.7604448836564295  6.064486441284718
174  6.642814679018005  0.5698500245679988  11.89940190683465
175  11.71301437217128  18.072288532534174  -3.638645834102917
176  6.287953820975472  14.845785528164718  1.9534332055509527
177  -9.387308666509867  14.452610066420425  0.305262942987014
178  4.266193297592838  8.501201661798836  -3.6001606745549175
179  -9.39407872075307  19.38589009541708  -2.250672660859928
180  -7.998088860193658  3.086430181773114  -6.133198034676777
181  6.360166410962619  13.092699692937654  0.8849425356204002
182  3.5005271506733013  19.040740321747265  -4.13176116567415
183  6.3584537220348984  0.1686414786526077  0.8081260509298559
184  -9.24841688399506  10.582375551745056  1.0676812532713613
185  2.635918498572288  17.36813953811939  -4.528223703113932
186  6.337325264382322  6.565476724860279  0.44088359758883555
187  6.324230869766786  9.535094032547567  1.6732224187470177
188  -6.873493544068818  20.854350677693777  5.425226819880496
189  -9.202719322951161  13.374281602981556  -3.269050882250005
190  -2.5887471703873626  1.2825991924570947  7.755499876701144
191  -2.149846440721596  11.277816559741941  -10.578846037048345
192  8.064619151565067  13.923698978861829  10.822403604776916
193  5.604064547048757  16.62895129851207  4.03854733989687
194  1.3189008694144881  0.8127004249531381  13.981038871622939
195  -0.025061875502194252  9.703734063387717  7.857131351269339
196  -6.202870554390093  9.814404524344221  -8.289292679737533
197  -1.9332746364044424  4.453335228463216  7.860890784288309
198  1.4350369691372493  19.96442585457359  -11.03198458704657
199  12.530703717288123  1.1134946354224784  2.3740209306256737
200  11.308227659469498  18.459881513672606  -4.537864203594431
201  -4.335005772822016  5.3720464098743665  -9.643574835396743
202  -8.184916060147613  13.172058866532026  -5.819441334069631
203  6.097842471522434  19.592548214008715  -0.8090422045557993
204  12.161844399608693  15.827654836241143  -2.3077011623488843
205  2.1704124061830985  18.95886047583516  13.811808475443772
206  -3.27827729659689  14.429577924092795  -10.168294717601407
207  -7.334665498647642  13.774727388820844  -7.0771347605377075
208  6.024342216065118  11.647584343712548  -1.036329525226188
209  3.725769365046743  15.500138674517272  6.300846711132558
210  -2.0556073835753286  1.878086285559105  7.845406055538462
211  6.338464507826004  4.73421554657954  1.5244712887930614
212  1.2700027146356805  7.851831198092669  13.989099559487023
213  8.876930220374373  1.0543492379677908  10.05660780089011
214  -2.934845008694863  3.3555005163298306  7.677275843708505
215  5.955916129165318  15.20744975102735  -1.224303003887918
216  -4.672134720944699  8.020538395354421  7.029549765841738
217  6.25937060699453  8.00091500390928  -0.13937637852638998
218  -9.157026281378348  15.067672778577355  -3.448879796431718
219  6.354590199669304  8.759116978488802  0.7028234166381145
220  2.3076070468765097  19.16273002072913  -4.631592904159757
221  -4.972093651511651  5.5911019404288185  -9.250874811709217
222  -3.6064023912032592  15.58037485918109  7.479193704898224
223  1.7595646371973839  14.85756062173421  -11.014326237629414
224  -9.420937814542906  19.68418316332153  -2.0285744318509784
225  -3.8223319713701884  5.3628610562210755  -9.916511525084644
226  1.0754689815248535  20.14225539219641  7.638773622204649
227  -7.287079357453001  7.598835693261964  -7.13677022754497
228  -9.361370865307052  0.11200770186299935  0.4792366046643092
229  -6.500240542369203  6.168968434867161  -8.007444897044284
230  0.3461985055127803  3.661952408296001  -4.772265168428104
231  4.484678853711824  11.137262526343209  13.057664882691952
232  5.536176376652084  0.6181810118191305  4.165460120080768
233  3.595046862340481  3.242811442304894  -4.076311939440895
234  2.6596111625913434  20.02432377192763  7.002994062400837
235  2.7551174211184852  12.364300185704733  -10.900349482491766
236  7.998612877913071  12.44406624118955  10.879267586379882
237  12.60254056129313  12.268899863796687  1.2893442406582902
238  0.4872505942211898  15.092763794669827  7.776153347684897
239  12.554661683839164  5.9664377749131905  -0.1375477556463914
240  2.5629147447254015  15.173239904845566  -4.553316990281155
241  4.288157495703408  18.048601181515636  -3.581839775121849
242  6.357712112399306  11.070215218976465  1.1929912208409001
243  11.034774093033741  2.713052656226589  -5.053552267751241
244  5.958440268935095  15.331496680527458  -9.880670618135484
245  5.6179586772930845  14.718238049569484  -1.9547935088408457
246  4.337062855092958  19.19983009467431  -10.527996940118186
247  9.288671598178814  1.5586292570713156  -7.42561438784997
248  6.342667971894244  14.360259771467518  1.4718598173013895
249  0.41902707244266424  1.7674236643903782  -11.025601252088693
250  -5.374115965331667  4.149970005327448  6.630727035830032
251  3.4477228110988705  19.556503102499054  -4.1616161323085015
252  -9.459823291809336  17.930051798058052  -1.5703785405991006
253  -9.331781406300255  20.450020413864614  0.6547858904118766
254  11.682974457895659  6.981803472288835  5.756512934128178
255  -8.426896818941636  8.902924114727284  -5.3692555183584485
256  12.604727284283198  19.590454532589177  0.8226921561793675
257  -8.126407432762436  19.590663357350262  3.831177789804845
258  5.092279777852095  2.0548458271130556  -10.262211731688359
259  3.8819517874626666  0.6644916588538999  13.298119743471322
260  0.9709749591022968  3.9444983690328406  -4.8144616124358395
261  -8.03814648775468  10.869086368964593  3.971738961482722
262  -6.917274271613724  1.3198964883975832  5.380820575469719
263  10.575924439186531  15.896625763421536  -5.805082007049639
264  0.8495440779333262  12.871907192492229  -4.812704137807014
265  -7.428640409125174  7.601501781819567  -6.9565962314302
266  3.6072455908628616  12.499200823216263  6.392729802058802
267  -8.980701695309914  19.760009846847833  2.0152595071527846
268  5.264883187107799  1.841062143041284  -10.192932883813539
269  -3.6170419207114466  13.937473844546648  -10.015918322069734
270  5.1479301629809395  16.67149100022611  4.791469840121257
271  6.210069920102265  19.263114134106427  2.3737857013115864
272  12.560353816523591  3.792078696597249  2.069097015997344
273  -9.4718603900713  16.024870963640133  -0.673825088744042
274  2.669728871934631  12.493498609294496  13.686573661876004
275  -0.3250906683111713  12.16074197291205  -10.96110460880199
276  5.80872055297839  14.52852940523468  3.610360657216892
277  6.3065462564941726  0.6652890235293613  0.1601896357514595
278  0.6633299864159862  9.352783176409632  7.740118517923068
279  9.43485345223401  0.8670861514250956  -7.268457490677196
280  -8.422774589091738  19.61414548312626  3.3111023906688204
281  -8.071807321693449  18.791582667345004  -6.012484078200189
282  -6.438160371115585  15.645033710270468  -8.068163130741333
283  6.340012304883145  14.492417217037701  0.4727471593592875
284  -0.7356095100255623  9.138194454999812  7.91256222626676
285  2.679563300092837  12.702050788922172  6.992166759781866
286  7.64937307540753  14.241776445370627  11.168141948379182
287  0.34031395626364763  1.196392675733109  -4.77147041590127
288  5.50837858173665  19.690302840042065  12.570218115551766
289  5.869525381913404  17.32971189536305  -1.4375333527144887
290  -9.00167594475126  1.434888791936256  -3.9761173515126127
291  4.446358315848967  11.849699143071383  5.6464014772185
292  2.04071587155238  13.236905552636584  7.301632304936606
293  9.356968929969721  2.280333658153788  -7.352898824630283
294  2.557623803867301  3.192866544717641  -10.930185272960843
295  9.56376687523374  18.274551505118204  -7.1250041321273345
296  6.3501847009118615  8.356994311219905  1.3596532091308933
297  6.24381082949133  10.272581191472614  2.209930908573362
298  8.968514401157975  13.908198748520991  -7.750829630698735
299  5.328005248190515  14.229284542029136  -2.428777720286236
300  10.176324356962287  6.355261671269326  8.505155120629746
301  8.836205713385112  8.323241477218044  10.098155989484223
302  -9.462131057866793  6.693240346408983  -0.459144727810773
303  3.837611929909111  4.776566598984457  -10.671739815077865
304  -0.08556313176168195  18.37227334985937  7.864395573450479
305  -2.97882170177737  10.747653380716653  -10.291389216068941
306  1.1560795429287505  15.135488323756759  -4.811258606998117
307  5.96253666454799  16.026443797122656  3.2254983878277326
308  -8.146509421924991  13.828412978030109  3.798334654907591
309  -9.29295813606015  19.829907352241026  0.859148576388929
310  1.8773054150972526  12.579430602678231  13.876281212446091
311  0.14626299860245448  11.761038027656074  14.12605599002193
312  5.384363125415554  9.466718597200126  -2.3442537838486275
313  3.753992029779805  2.7717133174118387  6.2783829213750035
314  3.855092343927987  17.36223960766794  -3.9097969543285025
315  -0.60358343340481  14.676509343543188  7.907164200396797
316  6.323325290623355  1.9289041919949468  12.103492503127056
317  -7.979353645432484  14.720679271815012  -6.163277248227875
318  1.8712916544139968  1.8776155184795158  -4.732398830814527
319  -9.437950853692977  5.085671072315977  -1.858628349027502
320  7.963281726258406  8.154686824482823  10.909401188485408
321  3.5203220655567304  4.748720069628448  13.42693873986206
322  9.825664871631275  5.186324689099204  8.973181089799333
323  9.09187511207414  13.971278002811832  -7.628478490632877
324  4.934297487426147  19.908839220361738  5.081946258949656
325  10.63818759632495  15.907302904758495  7.81453827730454
326  2.5113760428451077  2.569223781081769  7.080997771269656
327  11.868733862548396  9.969484974814751  5.264353424311672
328  1.9407208218293062  0.9721349878040222  -4.719076212595909
329  2.6585618767615635  18.69615618758852  -4.5201908992685915
330  11.788665404029121  5.022614028090165  -3.4459398397151957
331  4.829157854271459  9.069857967735508  -3.0619984660326867
332  -7.43818969366562  1.983838516644389  4.798753802757729
333  -0.7345788107511454  2.709893887064361  7.912528670079522
334  3.658035933215609  10.279619662400698  6.353834672981215
335  -2.172265147464575  3.7867935124438246  7.828861117247383
336  -9.204952111355627  18.558237732504114  1.251532916017866
337  12.590202042392187  5.687316590959167  0.3677541806142605
338  -4.734387142843028  14.52380064264848  -9.40477583633258
339  10.164060234732954  8.099661253531977  8.522271696111325
340  12.591813261726122  8.33488152122123  0.40080723055107503
341  5.975941562163789  1.525534327060754  -1.1712650804347495
342  -6.49266523744616  14.096266175456723  5.786231657846038
343  -9.268446895078954  12.385536383778533  -2.980606846718455
344  4.756019523930711  2.613179119430825  5.302382381275056
345  -8.151352217541524  13.790599771235964  -5.877765591448523
346  3.342657875415446  12.001212652007402  13.486124415325857
347  5.8203992058421425  7.50820131096342  3.5833984650674835
348  10.850127454558079  16.228792022810044  -5.370975563427647
349  0.670502852272125  8.018997237484815  14.07359713361442
350  4.829518860284874  15.31482396954739  5.213693003296848
351  12.488479474867656  3.838461266630363  2.7168118674509314
352  6.336615558176648  1.2884800626001764  0.43277700790982015
353  8.987874013285372  18.114389808929097  9.941559265837508
354  2.054150341131862  14.630699313364437  7.295878529312085
355  3.652360839426891  11.049406027089969  6.3582159254995
356  10.353010505297146  4.4290175983604705  8.251947231951837
357  2.88591778505352  1.4807879843062548  6.875460903255895
358  5.897873956855628  17.516254020853737  3.3957520591753902
359  1.7105349417465074  1.7016955311426831  7.433540973897967
360  0.7081289647021326  1.1945314059986787  -11.036952906645064
361  0.9947429182961588  13.694009283060538  -4.814447078171407
362  6.116937189557415  10.642619093172959  -0.7444721144765324
363  4.981588949773803  0.05707711927887027  -2.8873989811815264
364  -9.41250084916697  2.9075613735679626  -2.10318288615284
365  2.4147772636171365  16.99250106994996  -4.600510148079268
366  9.105740597346227  5.3108936700149725  9.816255101034361
367  -8.72214433654133  15.043548452194539  2.685209733713661
368  -4.899492440405245  1.1415143463906432  -9.298851194947245
369  6.2673802372456855  15.330737359427188  2.0806205302433414
370  3.061471628527067  5.921053908800192  -10.846899395362204
371  1.1065868942472543  13.956721900036463  -4.812808610487424
372  3.6762627403415573  14.125053710086886  -4.026553602161847
373  9.765809896008747  8.907180007166893  9.0489321394291
374  6.050586612464935  9.03936182460551  2.967658325543392
375  -9.294796945882377  18.11523645346783  0.8500037811251692
376  -9.414726133817455  10.003618544722121  -2.084004219412729
377  6.359364492572284  7.817794705569542  1.1326834879015464
378  -6.826950658526212  18.871847218591988  -7.670078208206403
379  4.506441174722191  14.775814805379946  5.583105169130213
380  -1.121273714011793  8.743211562385241  -10.834585259563031
381  4.690816565054788  7.957081728839923  5.378658842662888
382  -7.069455355921301  15.440362280432472  5.221371747522831
383  -9.43169658001526  1.8782828971371037  -0.06753599798804918
384  0.889413222948995  4.566553624147111  -4.813619574345022
385  4.900121996656192  11.517532051972692  -2.982507186456402
386  4.105765317983356  13.489909282198722  -3.7282817854884547
387  -7.994894574030768  6.613692975125531  4.038558919610134
388  -9.173293747562871  15.492635251286067  -3.3864872016008953
389  3.0225259388195465  6.86566853306668  13.586106974702094
390  -0.8697828120476528  20.106680128580493  7.915779882113631
391  6.355891604239008  19.900983776084836  0.7333653716799442
392  4.207810152839238  13.949498826296827  13.172205240972636
393  -9.216021648110445  20.78007589382794  -3.2138229645936778
394  4.75224160440872  18.07652309265632  12.940179056423874
395  -1.383268034527745  2.5744035087017108  7.907086542323967
396  3.4953590294871715  9.973918588107688  -4.134718284714907
397  -8.159796101899671  6.726096036409773  3.776450592044765
398  2.752793534767595  15.177495832288646  13.66382348157547
399  3.3630250754265303  15.11899837960543  -4.207865101747246
400  -8.959142522997766  0.14705896819378872  2.0776767559560545
;