
param m := 532;
param m_test := 268;
param n := 3;
param nu := 10000;
param sigma := 10;

param y_train :=
1 -1.0
2 -1.0
3 1.0
4 -1.0
5 -1.0
6 -1.0
7 -1.0
8 1.0
9 -1.0
10 -1.0
11 1.0
12 1.0
13 -1.0
14 1.0
15 -1.0
16 1.0
17 1.0
18 1.0
19 1.0
20 -1.0
21 1.0
22 -1.0
23 -1.0
24 -1.0
25 -1.0
26 1.0
27 -1.0
28 -1.0
29 -1.0
30 -1.0
31 -1.0
32 -1.0
33 1.0
34 -1.0
35 1.0
36 -1.0
37 1.0
38 1.0
39 -1.0
40 1.0
41 1.0
42 1.0
43 1.0
44 -1.0
45 1.0
46 -1.0
47 -1.0
48 1.0
49 1.0
50 1.0
51 1.0
52 -1.0
53 -1.0
54 1.0
55 -1.0
56 -1.0
57 -1.0
58 -1.0
59 1.0
60 1.0
61 1.0
62 1.0
63 1.0
64 -1.0
65 -1.0
66 1.0
67 -1.0
68 -1.0
69 1.0
70 -1.0
71 1.0
72 -1.0
73 -1.0
74 -1.0
75 1.0
76 1.0
77 -1.0
78 -1.0
79 1.0
80 -1.0
81 1.0
82 -1.0
83 1.0
84 -1.0
85 1.0
86 -1.0
87 -1.0
88 1.0
89 1.0
90 -1.0
91 -1.0
92 -1.0
93 1.0
94 1.0
95 -1.0
96 -1.0
97 1.0
98 1.0
99 -1.0
100 1.0
101 1.0
102 -1.0
103 1.0
104 1.0
105 1.0
106 1.0
107 -1.0
108 1.0
109 1.0
110 -1.0
111 -1.0
112 1.0
113 -1.0
114 1.0
115 1.0
116 1.0
117 1.0
118 -1.0
119 1.0
120 -1.0
121 1.0
122 1.0
123 -1.0
124 -1.0
125 -1.0
126 -1.0
127 -1.0
128 1.0
129 -1.0
130 -1.0
131 -1.0
132 -1.0
133 -1.0
134 -1.0
135 -1.0
136 1.0
137 1.0
138 1.0
139 -1.0
140 -1.0
141 1.0
142 -1.0
143 1.0
144 -1.0
145 1.0
146 1.0
147 1.0
148 -1.0
149 -1.0
150 1.0
151 -1.0
152 -1.0
153 -1.0
154 1.0
155 -1.0
156 -1.0
157 -1.0
158 -1.0
159 1.0
160 -1.0
161 1.0
162 -1.0
163 1.0
164 -1.0
165 1.0
166 1.0
167 -1.0
168 -1.0
169 -1.0
170 -1.0
171 1.0
172 1.0
173 -1.0
174 -1.0
175 -1.0
176 1.0
177 1.0
178 1.0
179 1.0
180 1.0
181 -1.0
182 -1.0
183 1.0
184 1.0
185 -1.0
186 1.0
187 -1.0
188 1.0
189 -1.0
190 -1.0
191 1.0
192 -1.0
193 1.0
194 -1.0
195 -1.0
196 -1.0
197 1.0
198 1.0
199 1.0
200 1.0
201 1.0
202 1.0
203 -1.0
204 -1.0
205 -1.0
206 1.0
207 1.0
208 1.0
209 1.0
210 1.0
211 1.0
212 1.0
213 -1.0
214 -1.0
215 -1.0
216 1.0
217 1.0
218 -1.0
219 1.0
220 1.0
221 1.0
222 -1.0
223 1.0
224 1.0
225 -1.0
226 -1.0
227 -1.0
228 -1.0
229 1.0
230 1.0
231 1.0
232 1.0
233 -1.0
234 -1.0
235 1.0
236 -1.0
237 1.0
238 1.0
239 -1.0
240 1.0
241 -1.0
242 -1.0
243 1.0
244 -1.0
245 -1.0
246 1.0
247 1.0
248 -1.0
249 1.0
250 1.0
251 -1.0
252 1.0
253 -1.0
254 -1.0
255 1.0
256 -1.0
257 -1.0
258 -1.0
259 -1.0
260 -1.0
261 1.0
262 -1.0
263 1.0
264 -1.0
265 -1.0
266 1.0
267 1.0
268 1.0
269 1.0
270 -1.0
271 -1.0
272 1.0
273 -1.0
274 1.0
275 1.0
276 1.0
277 -1.0
278 1.0
279 1.0
280 1.0
281 1.0
282 1.0
283 1.0
284 1.0
285 1.0
286 1.0
287 -1.0
288 1.0
289 -1.0
290 -1.0
291 1.0
292 1.0
293 1.0
294 -1.0
295 -1.0
296 -1.0
297 -1.0
298 -1.0
299 -1.0
300 1.0
301 -1.0
302 -1.0
303 -1.0
304 -1.0
305 1.0
306 -1.0
307 1.0
308 -1.0
309 -1.0
310 1.0
311 1.0
312 -1.0
313 1.0
314 1.0
315 1.0
316 -1.0
317 -1.0
318 1.0
319 1.0
320 1.0
321 -1.0
322 -1.0
323 1.0
324 1.0
325 -1.0
326 -1.0
327 -1.0
328 -1.0
329 -1.0
330 -1.0
331 -1.0
332 -1.0
333 -1.0
334 1.0
335 -1.0
336 1.0
337 -1.0
338 -1.0
339 -1.0
340 -1.0
341 -1.0
342 -1.0
343 -1.0
344 -1.0
345 1.0
346 1.0
347 -1.0
348 1.0
349 -1.0
350 1.0
351 1.0
352 -1.0
353 1.0
354 1.0
355 1.0
356 1.0
357 -1.0
358 -1.0
359 1.0
360 -1.0
361 -1.0
362 1.0
363 1.0
364 -1.0
365 -1.0
366 1.0
367 -1.0
368 1.0
369 -1.0
370 1.0
371 1.0
372 -1.0
373 1.0
374 1.0
375 -1.0
376 -1.0
377 -1.0
378 -1.0
379 1.0
380 1.0
381 -1.0
382 -1.0
383 -1.0
384 1.0
385 -1.0
386 -1.0
387 1.0
388 -1.0
389 -1.0
390 1.0
391 -1.0
392 1.0
393 1.0
394 -1.0
395 -1.0
396 -1.0
397 1.0
398 -1.0
399 -1.0
400 -1.0
401 -1.0
402 1.0
403 1.0
404 1.0
405 -1.0
406 1.0
407 1.0
408 1.0
409 1.0
410 1.0
411 -1.0
412 -1.0
413 1.0
414 -1.0
415 -1.0
416 1.0
417 -1.0
418 1.0
419 -1.0
420 1.0
421 1.0
422 1.0
423 -1.0
424 1.0
425 1.0
426 -1.0
427 1.0
428 1.0
429 -1.0
430 1.0
431 1.0
432 1.0
433 -1.0
434 1.0
435 1.0
436 1.0
437 1.0
438 1.0
439 1.0
440 -1.0
441 1.0
442 1.0
443 -1.0
444 1.0
445 1.0
446 -1.0
447 1.0
448 -1.0
449 -1.0
450 1.0
451 -1.0
452 -1.0
453 -1.0
454 1.0
455 1.0
456 1.0
457 -1.0
458 -1.0
459 -1.0
460 1.0
461 -1.0
462 1.0
463 1.0
464 1.0
465 -1.0
466 1.0
467 1.0
468 -1.0
469 -1.0
470 -1.0
471 1.0
472 1.0
473 -1.0
474 1.0
475 1.0
476 1.0
477 1.0
478 -1.0
479 1.0
480 1.0
481 -1.0
482 1.0
483 1.0
484 -1.0
485 1.0
486 1.0
487 1.0
488 1.0
489 1.0
490 1.0
491 1.0
492 -1.0
493 1.0
494 -1.0
495 1.0
496 -1.0
497 -1.0
498 1.0
499 -1.0
500 1.0
501 -1.0
502 -1.0
503 -1.0
504 1.0
505 1.0
506 1.0
507 -1.0
508 1.0
509 -1.0
510 1.0
511 -1.0
512 1.0
513 -1.0
514 1.0
515 -1.0
516 1.0
517 -1.0
518 -1.0
519 -1.0
520 1.0
521 -1.0
522 -1.0
523 -1.0
524 1.0
525 1.0
526 -1.0
527 1.0
528 -1.0
529 -1.0
530 -1.0
531 1.0
532 1.0
;
param A_train : 1 2 3 :=
1  -7.264588707933661  14.125070229451929  5.004537107031677
2  1.1991573090325867  8.709604768069596  -4.809498200397755
3  -8.828823603615728  5.861101651521671  -4.463190977291916
4  -7.227526287270247  18.74834218731202  5.046852319558345
5  -6.343810554382926  13.529760602558701  5.915986136222254
6  0.22112789680562378  5.208590780802852  7.822596541308759
7  6.220170311769109  16.129968409232543  2.326896318645739
8  -4.556971162106757  11.272989525861185  -9.513826263210865
9  2.3522433106102154  8.815148163022753  7.160084132030026
10  4.2391726174418265  2.045208884458825  5.853332388343871
11  -4.396547458299116  4.665391021608523  -9.608328188681341
12  -9.33588219012739  2.2139136237047112  -2.6306571776125875
13  5.709376152638115  14.641817294676638  -1.78120592406097
14  -9.474635038158834  15.700247588852886  -1.219138778312699
15  6.360404903114462  9.150681665862875  1.0754996371422278
16  10.895484306954762  1.140184274987367  -5.29503336215211
17  12.520188967166266  3.5686672270009456  2.4669531982764177
18  -9.356642063913077  19.843021626716524  0.5087206997186772
19  12.59254094627702  18.730227132423757  1.5781271173330484
20  3.7263741488042887  8.363462154020597  -3.9948506323388338
21  -9.462643055315853  2.9701497856850114  -0.4682453050451219
22  3.0752141354079443  9.312923284418348  -4.350568129927822
23  -6.815805450070417  9.103982561916693  5.482779689319563
24  4.437974574874057  0.4103136066002656  -3.4515493949093945
25  5.505820359164159  15.098824107713844  -2.150351786992974
26  -6.32930803581859  13.806197448990947  -8.172194742005185
27  5.799827286622051  12.318274195332824  3.6306797892046947
28  4.837876469037927  16.945796550954135  -3.0523936888244116
29  5.939542811843931  17.237170634897677  3.287648517918042
30  -1.2399965058919737  4.497084948721882  7.912855498493413
31  -8.704049353569252  1.475411143569191  2.7268092640690162
32  6.255647403226797  7.744292676976525  2.146830994750363
33  -2.6330131353096426  18.50718854141897  -10.420579118867911
34  -9.147517085268193  16.285945866579723  1.4721204735400653
35  -9.462596166089776  5.362755350527461  -0.4674052895882505
36  -4.042458076785423  15.402491431551288  7.316249514144876
37  11.348881440494425  11.899932909845283  -4.455754365082061
38  -7.41975112534852  5.806387189992261  -6.968160028383701
39  6.236728464396211  15.133593794374448  -0.25689923821705185
40  3.573319235632531  5.954479936827831  -10.737872266213548
41  4.526265947985859  7.172962719704142  13.039847516967237
42  -9.424856733679007  4.250913313184981  -0.000742699190321488
43  11.302245556547502  11.7150811851428  6.615309183964881
44  -0.6183882017000752  9.415216450267692  7.90787999085761
45  -8.11008169579043  13.27852931651323  -5.948262043642581
46  -6.781707939102723  0.22075593318427356  5.516295039991051
47  -7.305759840221507  8.520419596897504  4.9568809147587425
48  10.34962495284321  0.7885798685349554  -6.134910524282308
49  -9.215962122227667  6.406113587251349  -3.2140733001378976
50  5.785867514981332  1.8115952110015896  12.419603679066238
51  -8.999485522179215  11.456329080575372  -3.982838918181238
52  3.8337283332787297  19.329377772632434  -3.924281996588988
53  -2.499405997810998  17.941448392180632  7.773131866965242
54  12.55835216323498  10.316382873566527  2.0923716068793787
55  -5.420191074839994  7.227886398594308  6.601344102450438
56  1.2599642064982506  0.0463898388836439  -4.8063622624760125
57  5.11012612544158  13.536817310274442  4.845212824557682
58  3.1612729575881633  6.762581109265426  -4.31017641507311
59  0.8153420410105653  8.211041207091245  14.055595046470021
60  3.793935038255502  13.065890171161024  13.330517202082738
61  11.664047329387342  3.874589555952997  -3.758504308424963
62  -5.959020711179125  11.78376564044721  -8.504437425534697
63  9.531104489979215  9.444517830493002  -7.161795589955502
64  6.3054672341768665  7.907481435069497  0.15209170821151757
65  2.771686146479851  17.593250084559493  6.941141588012142
66  -9.404380242444583  15.353003018200987  -2.1705001996952684
67  -1.758030451352882  3.320929412167413  7.879760692698675
68  2.1463291505041147  19.144189769317514  -4.6736199377449905
69  2.2101063562062264  0.04040279179093165  13.802567519227368
70  -7.551022800281255  5.1068320059272985  4.657845293913923
71  -9.45575638491675  2.8784845646935535  -0.35668180222585116
72  0.7152915544685242  7.168834918908289  7.728664351751254
73  4.577486287020104  3.107772193251543  5.506206869232173
74  -4.042254756599696  5.904642712472579  7.316332070292671
75  12.552997277890187  8.409538327234012  -0.15575422581625054
76  7.151061334260695  9.941105087514961  -9.20468389977787
77  -3.4722803932633797  5.666825195412768  7.52376922907367
78  0.5917065906571769  1.4275413815651197  -4.79873198029155
79  11.533399642619514  11.351738228328239  -4.061852747622922
80  4.110325675171975  13.301077349369942  5.973846669775316
81  -7.259324627650295  13.774892601585647  -7.171132536751525
82  1.1812949800791832  0.60225380005161  -4.810274593272542
83  -0.46076860402461456  2.223115669225555  -10.943800364372727
84  -4.0887868015448925  14.033533597823707  7.297274583685174
85  -9.393625681965244  2.1539708402361315  0.2591305983324424
86  -5.995208240624803  1.3984038869401196  6.1975711760477
87  -1.319535407286123  9.485420619225145  7.9099720520399694
88  -8.783807633044722  7.659570959678797  -4.578031472303981
89  3.5058083880495197  14.140201239431146  13.431874006594585
90  5.046237678306881  0.8465381501294426  -2.8087971973253776
91  1.4415444971458036  4.731547388113763  7.528002263958694
92  1.9599302823543858  5.988891730298697  -4.715210391875256
93  7.303310058901783  6.830630358312944  -9.104334501006127
94  -0.9400546855304693  0.16661268405717988  -10.868719495431435
95  6.058606812310724  11.568540116386323  2.9423330399217
96  -6.114536796713723  0.2730411129363126  6.104543770857195
97  -2.301225785972538  6.311832209412035  -10.531979722438443
98  -0.5347598995510324  19.106348016982086  -10.933633969190476
99  6.315023585283111  3.322100042900612  0.2268877519017528
100  11.694683594377123  13.40560068904489  5.727194202257832
101  10.444278734788444  9.587338182752607  -5.999808073066346
102  5.693153023426658  19.423657236712707  -1.8130558667935754
103  12.182984296831165  9.25458711038991  4.246135432154619
104  8.225853283046867  4.25566062187803  -8.417564405577277
105  11.588421379671553  20.908797783401482  -3.9368399949586217
106  -9.024115980181671  15.20281259489657  -3.9062851041821816
107  5.927365312935437  2.7230731086156448  3.319820308786828
108  9.292075013146219  11.092337186345635  9.61136582767063
109  -6.653665952240931  6.431338472708711  -7.852863765727862
110  -0.9676253984936644  18.52012707711356  7.9166891192697655
111  4.388072106958955  3.380043861857423  5.706347827063343
112  9.663923464713491  13.521765615875724  9.175324502038961
113  -6.30410654249868  20.109215325217956  5.949597383607921
114  -9.108603701165766  19.085404228920744  -3.6253831793536926
115  -5.449310401401562  18.910323081273006  -8.912973114785924
116  12.471765371903649  13.93536609398498  -0.8338599988462642
117  -4.184468666831156  6.363970789975062  -9.727497457456483
118  6.349298748218605  1.5729669695855863  0.6029323272876381
119  -6.709601079547332  3.608983180959356  -7.7948420452534055
120  -9.275944995214706  18.765463351500028  0.941606006011602
121  -8.886543271528797  14.866097133038283  -4.309363508112752
122  3.4448905855401857  2.191536715804253  -10.76757291014223
123  5.162626568860727  20.412703032255333  4.77028287168142
124  6.357134952014795  10.707741802630691  1.2102344678933201
125  4.969260035735949  3.6079048955646633  -2.902067847644849
126  3.8668035887596615  10.07168891878406  6.186256208275432
127  0.4638473979167203  8.382826563458114  -4.7865710481699555
128  -3.6658818448731614  4.491479148543222  -9.992762043020345
129  2.6376663061138292  13.291676610315154  7.014811825792327
130  6.355588708155838  11.047971210390907  1.2509186283871856
131  4.38807899311827  5.756467252291252  -3.495997500691386
132  3.327270016341628  16.858217426713047  6.5949202041027615
133  6.053024037510569  11.314990017372175  2.959998688217367
134  3.219485117491865  7.128146401474908  6.66754946975205
135  -8.824960868150066  3.314079020028692  2.4372095819282995
136  -8.834386669174771  10.488606089779786  -4.448699090483412
137  12.599342863734114  3.2332311982850763  1.4045777452219448
138  1.5162683386014963  19.227077744135148  13.946692074662321
139  2.2991714399190593  10.393345428998588  -4.633931831782411
140  5.628338179662766  19.167347015758075  3.991556888892335
141  -2.352764046412932  6.717394697533378  -10.515462934007337
142  6.226689853473616  9.665354718929201  -0.3054135402300068
143  12.143869114662376  10.9486761933892  4.390933556412077
144  6.002984237337781  18.865223258906127  3.111293950352669
145  7.608072384882013  2.6659175828875172  -8.892899329891492
146  -1.39377155756378  8.371114833583379  -10.777210721721552
147  11.6021793994671  1.771772475983514  -3.904975894423172
148  1.4533134586746064  19.201080416265388  -4.791328691792953
149  5.702537180796066  17.147673300758203  3.842063602124712
150  3.975812283642686  8.411820663418236  -10.634443947906268
151  4.068632065554739  14.04563444267287  -3.756562043931276
152  1.4218052467552889  11.40381355806489  -4.794304014973839
153  -1.7970041509444432  12.847471032896344  7.8759006405273695
154  -6.808118934509318  17.8958509021207  -7.69038348634971
155  2.4594484866139674  20.7160510366023  -4.586799606253703
156  3.0927215951381157  1.6986855575032962  -4.342504714248589
157  2.041776068194691  11.925689130848173  -4.697861945876491
158  -4.64189870257873  18.96835440160032  7.044781596128919
159  0.18269648703303273  8.326929689373056  -11.010649861730888
160  6.293480481908663  5.347156714842425  1.9162625301194136
161  11.923546557352585  2.7548156291902535  5.106469126426871
162  -7.063038332684297  13.129629910690019  5.228260106159307
163  -4.525219970463322  4.43143489878349  -9.532834996956916
164  2.931069971954754  7.94507021281799  6.848745689824112
165  -4.896120883173907  8.426224374383105  -9.301058171160161
166  5.79516705088491  13.113393937633466  12.414411469368025
167  -7.8837037854715435  20.060567637875838  4.204565341106719
168  6.1869338470331074  20.760019597596237  2.4754628899239806
169  -6.651357609930198  6.27761645621176  5.641093244984887
170  -7.715147299989557  5.554827518868668  4.441764987177856
171  -9.472107730539793  15.12541694645526  -0.6812029379670295
172  -9.384379266772298  14.481589349137701  -2.321695972567474
173  1.990275376100788  5.698474719254533  -4.708944304542753
174  6.26059747834842  19.86552003531783  -0.13263774492073724
175  -7.988256513623956  16.828878977500235  4.04869921854498
176  4.320870077913118  4.171147350288801  -10.533048964774485
177  10.417006386708996  10.42756838940613  -6.0391418397510295
178  10.385354602514372  1.9382069296039535  -6.084375769245248
179  -9.447726202652346  11.023957936008035  -0.2474842696253523
180  5.443038888942801  11.957640306787079  12.604488042024874
181  0.1078514526737549  3.808045895198646  7.839483185641426
182  -9.109143351638135  1.5661360906913788  1.608252054568176
183  8.191102548840304  3.7816784163302795  -8.446082295812412
184  12.45751374877859  10.243903238300188  2.9295322268089032
185  -5.966208521676676  1.1746022552830757  6.219672688257459
186  12.57824549615542  3.6547629252235105  1.8326443664641243
187  -7.714981044672573  4.076309181394487  4.44199098609272
188  5.1132128918820685  9.011180845877046  -10.253983184446863
189  0.3811559509597007  11.260526381662645  -4.776830337607321
190  1.1646678447068524  7.717840375509388  -4.810938179573887
191  7.225611888849527  13.553272129172814  11.4933155075975
192  4.657461343280918  19.573062610989137  -3.242509167390426
193  -0.4848287681040243  4.891376795773972  -10.940551136826985
194  3.355998960817984  20.79042593127567  6.57508796835518
195  6.265595646473217  7.007107162562623  2.0909521725237967
196  -4.148212759050847  12.56859810743802  7.272455979492593
197  8.64065829401978  7.537322806693945  10.292741586468685
198  -7.954365764355822  14.288221159883124  -6.203030454334612
199  9.437178461524226  17.917196053296536  9.445711143750271
200  3.7306495468587695  16.649693090171677  -10.699321523904024
201  -9.435622598407322  13.058694478803233  -0.10818214369268883
202  -9.466546523974694  11.877159346607135  -0.5436644157946109
203  5.972643273904414  3.2060902041164994  3.1975692059469614
204  0.20898659400123318  17.082173830012565  -4.751748148149996
205  -6.183810577334144  20.652701578726393  6.048963168704992
206  -8.286798971165377  13.305078157920068  -5.636588070562484
207  11.911839077308725  12.210188110857656  5.140750499731149
208  1.1400338563688894  3.120417256758981  -11.039768319143134
209  12.60570880210957  5.8101417433596545  1.0717914958472654
210  8.617009777031134  7.5709767013687  10.315737357392399
211  7.156699349007891  4.025910813365071  11.543731336232927
212  12.238415472041059  20.798268298513044  -2.0150103509265254
213  5.624960225945246  19.388649616710993  -1.941982280048417
214  -0.9973368128431194  7.813582746736341  7.916725729424283
215  6.165104028617828  3.0482682404485426  2.5651927892268502
216  12.229410334254796  8.307043320949015  4.064871865179874
217  11.281712994744607  3.4503939192026793  -4.590591889669231
218  -1.177316711777293  11.302598897657512  7.914566274755874
219  -8.011692432439087  3.7454399841456114  -6.111208198897948
220  11.868625654732709  1.0299312841525925  -3.231078739444312
221  12.56473219142846  12.901123636085785  -0.020378717287211287
222  6.20476353798615  8.001115187235975  2.397776226066347
223  6.580907143859523  14.352972742932714  -9.551222719259341
224  11.799228761332584  10.972567717063582  -3.418247490480625
225  2.0238993615596104  13.180252541876566  -4.701772783095785
226  4.846747218561723  6.688342750058324  -3.0425755796483247
227  -7.214310154742676  12.22678136826396  5.061809802568901
228  5.926365836732991  10.38603283613338  3.322438922515149
229  11.740976840474177  12.480657175179537  5.609195587947505
230  5.508206425797003  0.16135732292787364  -10.089659130736718
231  4.835837619038973  20.262856144339743  -10.359185096191247
232  9.889713897743514  4.93725842020872  -6.740182575125782
233  0.19083065696547263  1.6103980658289625  7.8272803640444
234  5.729621469817514  6.191271477256573  3.78510070181602
235  -3.9378427481392673  14.551627589409303  -9.858149956358844
236  -5.967458834314791  19.587402913198265  6.218723809573334
237  7.599283026587832  17.727169763500648  11.207981819232222
238  -2.4359871940549374  6.860566119588688  -10.488184586455565
239  -4.043023517481028  17.475589353241155  7.316019889632227
240  12.50341301911379  1.1423125745788179  2.604041596632164
241  -3.5905198925118555  1.9494397384913569  7.484605917534919
242  6.354467645321817  3.913298132863802  0.7001149013577308
243  10.67493346736855  16.543093257890174  -5.653019101459142
244  -8.850328697722142  15.209120130715664  2.3726574362843555
245  4.589592889085545  2.7538946271193145  5.492873455274557
246  2.6988671806118414  14.870701439382714  -10.909214709995933
247  2.551888945216954  15.997341801073281  13.717902793107932
248  5.145741532792032  4.008069498028415  4.794610782977251
249  11.17120361160593  14.084640652824566  -4.803765823064091
250  9.331647356478454  8.51761190958311  -7.380001676531647
251  5.288504420398191  1.5415676159620701  -2.486159170873306
252  12.601480542700417  10.86654471585944  0.6620478625283425
253  -8.481208369739537  10.343911216293149  3.198184563960073
254  5.465376957568677  18.520082648262356  -2.216821193898393
255  -9.199906746726278  11.764026211580939  -3.2805493939378225
256  2.553133890246821  17.64522336981004  7.059454158028688
257  6.3453600787374045  9.51838860999067  0.5429923945324904
258  3.7084037513853754  15.02633107201989  -4.006308722148885
259  6.285361787804569  20.367143980678044  1.9703767681274367
260  -6.901807935034104  0.44342637533883145  5.396580647081103
261  -2.4978688952617927  9.477436208606834  -10.467411790853712
262  4.0608677724912585  9.026939798203681  -3.7624120971806185
263  5.111549222119091  16.381469821037584  -10.254638894922646
264  4.642382150936628  0.3893084752377104  -3.2576155480854516
265  6.344820916549254  12.17690999470004  0.5354100915827571
266  4.86776017872099  5.855310648547445  -10.347496510028032
267  11.52305214863831  10.008148971904946  6.1378538076083515
268  2.212046096280539  15.062342904939237  13.802112802172006
269  -1.4051672128097845  13.227816853521423  -10.774651478804651
270  -9.012830618224413  5.170124589229621  1.9194143549461447
271  4.07815200379832  4.313526267420946  -3.7493595166891187
272  -8.479178804503707  17.863784459054553  -5.264165092994431
273  6.3599720306547  10.658244645741787  0.8735967203035023
274  -9.472576327766149  20.570759032357806  -1.2937268474646932
275  -5.410641278554726  13.933935058153914  -8.941876196388781
276  12.565223544500155  4.739103630883037  -0.014310795979853488
277  0.7002250174172593  3.5565845180755593  7.7320243049492
278  1.470288005256719  6.809510813977277  13.954953948384459
279  0.6703074639736308  16.037386137163693  14.073620387263738
280  12.470050835283315  9.665427490782019  -0.845434390445827
281  2.8829922993590698  11.926502357594758  -10.879103138052816
282  6.864011271144362  12.499322393541497  -9.384773026648839
283  11.96235495102449  3.6658379915584054  4.990513072885497
284  6.036554517073378  7.206553155911009  12.276270223785179
285  12.542487623590013  6.184577336345502  2.2617175091305746
286  -2.58194378630772  19.661898071652562  -10.438514396640404
287  3.45181149741852  0.1586503018151061  -4.159332718362361
288  -4.200157532995896  20.079754741587074  -9.718901219524527
289  -1.4979061686717503  2.9648230569876217  7.900608254113753
290  6.264399005425346  11.426778927322772  -0.11148292733709146
291  11.097333238739795  5.513694400951288  7.018083757144075
292  12.447288103855591  6.392749215630451  -0.9925514239170121
293  -9.372495087901267  16.01596141337169  -2.4037886499497216
294  -8.546830638977143  14.512168429899724  3.0665043696777325
295  -9.276585494550938  16.073318245654214  0.9385688544640536
296  4.532493168764259  3.969982405362367  5.555170344987731
297  -5.169931508101586  4.2579786505050325  6.756005740994139
298  -7.301539523919381  15.911993535867426  4.961797915187893
299  0.6865178581315723  2.5469916653167886  -4.80549911533227
300  11.112440637886117  19.051206184559977  6.989531358597045
301  1.3529198529533615  19.39828523965277  -4.8000960602028755
302  -2.9967165405306937  10.60803594892355  7.661611049018099
303  4.41162902175108  14.769177228128392  -3.4751532039261557
304  6.302747855318933  7.024241101745861  1.850306835837598
305  7.020560474489715  13.3722174721349  11.641391569843782
306  -2.873919600348115  0.5254372205041998  7.692199396852312
307  6.420139804732904  4.604897459243109  -9.641010124692187
308  5.476567308081055  9.527877771115195  -2.198628763281219
309  4.945890200515986  10.294586173363012  5.06696404710549
310  11.713562717210383  20.7003728586189  5.679480808399419
311  10.4532363953583  20.97693007420246  8.102495568466793
312  3.0992352384483  2.585044268414105  6.745364118981081
313  4.2174719717326665  5.799259256196196  13.168326350288075
314  0.14864649939969218  1.7343025306721849  -11.00807330300981
315  -9.449320715588161  7.169755291922675  -0.26784818711466035
316  -3.381733449541528  19.927277986590855  7.552425812152921
317  -0.30004985588179967  11.965434753305097  7.8863043178195085
318  5.980634306340742  0.8390239446948211  12.308855049779048
319  2.797042723100261  10.933252340385348  -10.893551066805509
320  -9.247114069759071  19.595043494119224  -3.0787797528340715
321  2.041224257771461  20.428670167214946  -4.697983683004873
322  5.095579182874945  19.149026904030443  4.865609661009294
323  6.941693524317869  15.944517872776283  11.696812554720118
324  -8.564308270902108  5.282842912772666  -5.086021878578417
325  -1.8262604045642226  18.91166838081877  7.872876643461065
326  0.4270893850064282  6.240586671854798  -4.7824241445695534
327  4.851173380045364  18.430206099823373  5.186991167958722
328  4.8222464802426845  0.8693581100474521  5.222600960893642
329  6.316528430577962  1.1846342404985033  0.23936472497416075
330  -0.872401365865918  16.86633872274189  7.9158199858330915
331  6.2451427041169065  2.2408811850516885  2.202997837164508
332  2.9640958963616093  9.223351038831165  -4.399945034264904
333  4.494816803107332  7.206266265444478  -3.399574202267106
334  -9.389467695738242  5.836058000989096  0.2896871210693715
335  3.2770644628573633  7.603076356576996  -4.252787277379825
336  7.761498755953118  10.198897754707218  11.077540902911078
337  6.200538268652847  17.56506532730778  2.416581670150072
338  -8.575450431513929  12.960857957398881  3.0073369319674024
339  -5.979762773635254  19.05473358918917  6.209366896122257
340  2.8754712982617345  17.57090042350627  6.881580331368845
341  0.7162129767298592  3.0687527185958445  7.728457838524978
342  6.114257723360176  8.87805061488079  2.7559020787107387
343  3.5264409499908695  11.193275596343488  6.453169989422441
344  5.193028206264962  5.370913211973292  -2.619011388306544
345  2.367857752188438  11.892010916439498  -10.955467204025997
346  -2.234594108354849  20.45863814849102  -10.552910170923314
347  1.560703251703296  4.729628837887962  7.4875576468399805
348  11.75525197007817  16.475818367737432  5.572111182871456
349  -4.004430765293468  20.893924420014624  7.331581403272497
350  -5.237749067797569  5.335190660391885  -9.067742309441437
351  -9.414145924919817  17.977291372275417  -2.089037391132088
352  0.6059459255180675  3.651943134086491  7.752331947512107
353  8.280218193850734  19.36216273121385  10.631365633782195
354  12.581950878722829  6.388490331227183  1.774718864098415
355  12.605738218546172  5.838216781770096  0.9271214438635066
356  5.723983366503963  18.99943378499471  12.453914081442363
357  0.11078982297284444  6.1145067972688985  -4.734489200767677
358  -9.324721267426627  4.664005067664285  0.6938769659460551
359  7.485164518049525  6.496047796187038  11.297315520619449
360  5.705421003358894  14.142763266069348  -1.7890149502521444
361  5.193510025682285  0.4539875868892793  4.7252060771525555
362  -9.46170777808846  3.230144117000318  -0.4517369811998662
363  1.2279225924888137  2.3295539650730497  -11.038272619337837
364  0.04241302722072416  10.989828574738942  7.848463096178553
365  1.91093898477037  1.077015454138552  7.355636859412751
366  10.299196390317608  19.33362770623952  -6.2053061141081205
367  1.5302969198812126  9.834550136364681  -4.783197381825046
368  10.922402779618059  12.919495644425258  -5.249357200447495
369  -6.840428863740913  4.214191864395703  5.458345836489234
370  -3.6977024960628957  14.612943264669042  -9.977510455744211
371  4.066380802616286  0.503560725029076  -10.608980348053423
372  4.514883241089381  1.6487422388336956  -3.3808762843251396
373  10.415175289364603  19.16514352767121  8.159770493384885
374  12.395334044002755  4.516041137507769  -1.2921437105463343
375  -3.1846250870147332  10.29680041545223  7.610861436344403
376  6.319531782714829  10.985391383587897  1.7156686141166622
377  2.959604100949815  3.892746582356647  -4.401876288261878
378  1.7598239445212849  12.37944149004581  7.414987841880955
379  4.854598834788705  5.486873419122358  -10.352328685065993
380  12.153898882057875  13.770224245054994  -2.3364845302428146
381  0.4949062972852128  5.401969364320174  7.774675201152335
382  5.939913849270477  9.082542621686294  3.2866604081665134
383  0.4362668115875066  10.515954611955301  7.785793224003079
384  4.548329981846054  0.407107716326799  13.030328745868003
385  4.420351723018942  2.2817202624491433  -3.4673718266057274
386  6.235361683611552  1.8572813482793085  -0.2636217851368863
387  2.8920776478796255  9.457767326029925  -10.877535720033416
388  5.836840184145397  11.28798752263856  -1.5125216194019486
389  4.249158315273227  20.512238643632735  5.843740890500972
390  11.789366412568116  7.243852119339441  -3.444108331783217
391  2.29029857320825  3.7559621837973913  7.189606051298534
392  -6.30995632820038  20.31104907259095  -8.19037319999219
393  -7.822228635669577  11.247629207237516  -6.406669664933004
394  4.307362283023537  20.21578196159576  5.7870865307865405
395  5.048975410548741  7.38589157264867  4.929930929482453
396  2.976656038304662  1.563726620746841  6.821331661024035
397  11.936366526823376  9.53418432277167  5.068565286287535
398  0.8598692670708583  20.557029683027377  -4.812973023529016
399  4.239022689742165  1.5023817338710757  -3.6225583484875132
400  -0.5880143294689367  9.992250053100621  7.906381300577381
401  5.939646314570488  17.824757494661405  3.2873729272403107
402  -8.310199981796156  4.43072069454448  -5.5932791549344225
403  -9.126931595854241  16.63535918316196  -3.560091978999255
404  -9.372104871614901  1.357663963840499  0.4099354543981399
405  2.281125419488312  6.609079669134054  7.193918722718132
406  -9.477240050436505  3.5841430783342134  -1.0265975022149738
407  10.947284314772446  20.4613712089893  -5.206725323490722
408  12.132513112989255  12.743916978431342  -2.4126434378499715
409  -9.271726913418844  5.857321091342137  -2.965063120722834
410  11.915494779716486  19.372103886138746  -3.0990872759151986
411  1.5984946606600163  11.631331229692051  -4.774970952627203
412  6.1210096149237145  7.477434914392776  -0.7303515469220452
413  8.174809314540397  14.883104540933541  -8.459376652042671
414  -3.893354980907827  14.174772865534718  7.375121798100427
415  1.1174062039587342  20.20709246282314  7.627093513108254
416  -7.864624292660829  1.285595406783969  -6.342498426836701
417  -2.9609744709204273  18.422188489302346  7.67072309096282
418  10.003680182762745  13.688625316537006  8.74096641734657
419  -4.0482335748685925  3.224440874361431  7.313901814756706
420  12.58909667202247  8.559687288665463  0.3460525260827531
421  -5.963011180581278  1.1943301605788808  -8.50102516461728
422  9.813206946608897  18.280722616061166  8.9890411452791
423  -9.169939527741635  2.1045692912470644  1.3886352218957252
424  5.238791887269446  4.604841492903353  12.708748288295073
425  -7.609219317045864  14.882274888420675  -6.713910995316355
426  1.2858169758794318  15.9801750933211  -4.804798187170455
427  7.346454045342178  4.557701773224376  -9.075269671762381
428  12.384584978838795  3.260644205335092  3.354706461800257
429  4.518089293165426  0.5286629580209826  -3.377871689553861
430  4.658664816953469  1.6776010804932646  12.982040144963573
431  -8.284534760717683  18.529401563089156  -5.6407515326102295
432  7.513055431083392  3.7615622665665365  -8.960368243282918
433  5.851333837767985  8.475159346409816  3.5103774229775406
434  7.1497801675526755  16.170744030439188  11.548756606480355
435  -2.3511110639033315  20.644640548470917  -10.515997127636053
436  -9.024864697847354  18.322753199417857  -3.903923763613932
437  4.902062477561189  19.378387319720304  12.871401388496015
438  -8.559978934797082  17.471870303764934  -5.095305702190919
439  -9.293363662218598  7.325948048768687  -2.8591773898763546
440  2.102558669511443  13.380594591974358  -4.684054030998031
441  -8.93434889253914  14.853107040238108  -4.175659518565842
442  7.84058094419438  8.66874161125086  -8.721649596353028
443  -2.656204948350626  12.670679536185643  7.7414947078029686
444  1.322990007396931  20.388178196059744  -11.035868079233664
445  -8.253406826212542  6.859013046734138  -5.697518114008737
446  6.173180960363577  19.331025690713755  2.53262530100358
447  -8.921174934756703  20.734019112460583  -4.213119108295399
448  -8.96394423598839  12.325943796268547  2.063900693601087
449  -0.3262979286296695  19.216017885220314  7.888575914812315
450  -0.41624039599699314  15.617003786208617  -10.949669997059184
451  2.882242528275506  15.093574820642715  -4.4343602795692965
452  -2.987528435523912  2.376040494964076  7.663969875998064
453  -7.160057988129207  15.67189112775181  5.122498600088884
454  3.3867260404265656  3.758076378094155  13.47169243631291
455  3.3068957986195566  15.897078228464581  -10.797728159443894
456  -3.987418664887475  1.2553786356380088  -9.832554270449695
457  6.150592598309799  18.396518422725585  -0.6236658922931456
458  -7.214796543278757  3.925002400870998  5.06126054380393
459  -2.8711853775857272  18.021222176947887  7.692857504932645
460  7.231080130530721  18.80600143793881  11.489286344491157
461  -8.106752793849488  2.151176293757356  3.862985679740052
462  12.5037141167789  2.4324072311220437  2.6016853721380757
463  -1.334370331546061  20.477245559748944  -10.790342216918972
464  11.79920538401398  20.6685451894886  5.455736280014742
465  0.1491014940787137  2.022121017121091  -4.741481049643417
466  8.741353455203766  13.356191124562308  10.19354322927417
467  6.060675309005278  7.755144211591102  12.262105021435334
468  6.134932299997571  1.2384350838797964  -0.6810769779249075
469  3.094902453011001  17.88723508752596  -4.341494807628891
470  1.1607315389085866  13.935234078998318  7.614755935830339
471  -7.081406586533748  1.2714906167681428  -7.384407787287494
472  -9.403651648391826  9.519587539095506  -2.176351025359472
473  -7.2164694629561055  8.542788465749657  5.05937067573757
474  9.76179049985383  20.684853896038852  9.053978622071371
475  -7.969514037274415  20.88557787781125  -6.178980383345864
476  7.861725573238745  4.758743643221443  10.994857526615172
477  -7.640310657977342  16.024664653180317  -6.670553244198884
478  6.359617398448701  13.917463268977096  1.1210636832683674
479  2.3480961678234094  9.120793641888566  13.76948832330122
480  0.19921947413538957  12.091248368728246  14.121655340953195
481  -7.808820578779381  8.614118887497634  4.311984783462996
482  9.338978246533737  0.8238154142778916  -7.372172552587582
483  -2.9985214144028745  15.852356381876985  -10.283616485806586
484  6.3595342854533214  16.70939221595645  1.1249910820488975
485  -7.466672646192506  19.63745657166866  -6.906728553174114
486  -1.270963672014776  10.94274648080373  -10.80397365592631
487  -6.54021417616198  1.3984314479104996  -7.967799292008765
488  -9.075224329883671  19.4598871823788  -3.7400530026331777
489  -6.667608549875818  5.27224547016484  -7.838486376400682
490  4.425659950257265  2.7685543411782634  -10.499883668476839
491  9.968975594692633  3.050468726546436  -6.641417362899183
492  4.131335608542087  12.414448687537536  -3.708513986313997
493  9.697284864732596  8.206002534312422  9.134286152306867
494  -7.960102509406874  14.868823561568147  4.09137559921339
495  3.1417808182761826  1.7507279135868696  -10.831434726816235
496  -4.097270094316868  0.3457361868369542  7.293764684361219
497  2.403829138099212  20.165546509535226  -4.60380231569541
498  -0.31267028965754157  1.9066635836990837  -10.962602466620197
499  -2.4474755347207995  7.258297647416479  7.782902656741732
500  -8.719717035180137  0.3945194591969087  -4.734652287159497
501  4.250943754170806  18.55275775959056  5.842022017013761
502  6.230109766050837  17.783677299220194  2.2790436731947485
503  2.5726074991102132  12.359545486960592  7.0492929157440765
504  12.605916605215734  3.331194659505627  1.0161350051441271
505  8.810605693862772  16.83186031427707  10.124089731364446
506  2.7937136051379476  1.4204790885862466  13.65241238034112
507  -5.957794665877021  9.599350933459275  6.2260486893457925
508  10.12261025212676  6.632388508121257  -6.443661940321
509  6.295714802046367  20.939842723199057  0.08227091621334656
510  7.831285444326893  20.5325671346738  -8.728667661557514
511  -6.5809693932031506  17.452663133434218  5.70636446149268
512  12.602701961239434  9.472235708016889  1.2822976885772628
513  6.302277262696913  10.554597822575143  1.8537782229578184
514  12.315900664223237  11.583491860161852  -1.6839169140230672
515  3.3986505232342523  11.739536242182032  -4.188655195094052
516  12.594929208750443  3.823796305669196  1.5237444795409016
517  -6.546951241484294  4.226920697310015  5.737394458050028
518  5.859473963416041  14.828907857247227  -1.460894885857086
519  1.940868624561902  17.769412500150572  7.343433767562146
520  4.463691499530407  20.14972875445915  -10.487570062961538
521  -7.799856637882702  15.977752324730151  4.324619890195066
522  5.593637608538992  11.65152945020623  4.058462530714881
523  5.416126931438849  1.7971181098827607  4.375473790095473
524  2.7801791906325195  1.7962283070926992  -10.896305195063473
525  -1.916442117508116  3.2041238528909126  -10.646359023192165
526  3.0118693648919637  14.829843733460129  -4.379095051648983
527  12.132900596999896  5.841424628417976  -2.4112800446990628
528  5.846633215806489  8.888285443679493  -1.4903469213898137
529  5.354180340308968  3.2008329095787795  4.477534682209349
530  0.6328703792417679  4.973241321731736  -4.801904192833742
531  -9.467254459735841  7.787947175776026  -0.5587461545210288
532  12.557498373836452  12.882062515219548  2.10214949709563
;
param y_test :=
1 1.0
2 -1.0
3 -1.0
4 -1.0
5 -1.0
6 -1.0
7 -1.0
8 1.0
9 -1.0
10 -1.0
11 1.0
12 1.0
13 1.0
14 1.0
15 1.0
16 -1.0
17 -1.0
18 -1.0
19 -1.0
20 -1.0
21 -1.0
22 -1.0
23 1.0
24 -1.0
25 -1.0
26 1.0
27 1.0
28 -1.0
29 -1.0
30 1.0
31 -1.0
32 -1.0
33 -1.0
34 -1.0
35 -1.0
36 -1.0
37 -1.0
38 1.0
39 -1.0
40 1.0
41 -1.0
42 -1.0
43 1.0
44 -1.0
45 1.0
46 1.0
47 1.0
48 -1.0
49 -1.0
50 1.0
51 -1.0
52 -1.0
53 1.0
54 1.0
55 1.0
56 1.0
57 -1.0
58 -1.0
59 -1.0
60 1.0
61 1.0
62 1.0
63 -1.0
64 1.0
65 1.0
66 -1.0
67 1.0
68 -1.0
69 -1.0
70 -1.0
71 1.0
72 -1.0
73 -1.0
74 -1.0
75 -1.0
76 1.0
77 1.0
78 -1.0
79 1.0
80 1.0
81 1.0
82 -1.0
83 -1.0
84 -1.0
85 1.0
86 1.0
87 -1.0
88 1.0
89 1.0
90 1.0
91 -1.0
92 -1.0
93 -1.0
94 -1.0
95 1.0
96 -1.0
97 1.0
98 -1.0
99 1.0
100 -1.0
101 -1.0
102 -1.0
103 -1.0
104 1.0
105 1.0
106 1.0
107 -1.0
108 -1.0
109 -1.0
110 -1.0
111 1.0
112 1.0
113 -1.0
114 -1.0
115 -1.0
116 1.0
117 1.0
118 -1.0
119 -1.0
120 1.0
121 -1.0
122 1.0
123 -1.0
124 1.0
125 -1.0
126 -1.0
127 -1.0
128 -1.0
129 1.0
130 -1.0
131 -1.0
132 1.0
133 -1.0
134 -1.0
135 1.0
136 -1.0
137 -1.0
138 -1.0
139 1.0
140 1.0
141 1.0
142 1.0
143 -1.0
144 -1.0
145 1.0
146 1.0
147 1.0
148 -1.0
149 -1.0
150 -1.0
151 1.0
152 1.0
153 1.0
154 -1.0
155 -1.0
156 -1.0
157 -1.0
158 1.0
159 1.0
160 1.0
161 -1.0
162 -1.0
163 1.0
164 -1.0
165 -1.0
166 1.0
167 -1.0
168 -1.0
169 -1.0
170 -1.0
171 -1.0
172 -1.0
173 -1.0
174 -1.0
175 1.0
176 -1.0
177 -1.0
178 1.0
179 1.0
180 1.0
181 1.0
182 -1.0
183 1.0
184 -1.0
185 1.0
186 1.0
187 -1.0
188 1.0
189 -1.0
190 1.0
191 -1.0
192 1.0
193 1.0
194 1.0
195 1.0
196 -1.0
197 1.0
198 -1.0
199 1.0
200 -1.0
201 1.0
202 1.0
203 -1.0
204 1.0
205 -1.0
206 -1.0
207 -1.0
208 -1.0
209 -1.0
210 1.0
211 -1.0
212 1.0
213 -1.0
214 -1.0
215 1.0
216 1.0
217 -1.0
218 -1.0
219 1.0
220 -1.0
221 -1.0
222 1.0
223 1.0
224 -1.0
225 1.0
226 1.0
227 -1.0
228 1.0
229 -1.0
230 1.0
231 -1.0
232 -1.0
233 1.0
234 -1.0
235 -1.0
236 1.0
237 -1.0
238 1.0
239 -1.0
240 -1.0
241 1.0
242 1.0
243 1.0
244 1.0
245 -1.0
246 1.0
247 1.0
248 1.0
249 1.0
250 1.0
251 1.0
252 1.0
253 -1.0
254 1.0
255 -1.0
256 -1.0
257 -1.0
258 -1.0
259 -1.0
260 1.0
261 -1.0
262 1.0
263 -1.0
264 -1.0
265 1.0
266 -1.0
267 -1.0
268 1.0
;
param A_test : 1 2 3 :=
1  8.285252518650896  20.531853700879807  10.62680531034752
2  -8.541555309032303  2.670921653932052  3.0772916707524374
3  4.680813480493164  6.158792484330933  -3.2188856519037556
4  -8.914662809226153  20.928700195165206  2.202067678512523
5  2.9291515996969646  18.54571642280027  6.849889555929912
6  1.7063440146821987  20.065959940957086  7.435100454797207
7  5.268746426743519  11.112038767958829  4.612099137399245
8  5.791596915698843  4.951208507490417  12.416405907351583
9  -4.802953406607651  4.230737899470097  6.961867145276113
10  0.15981173324115544  16.881404149046084  -4.743376407894101
11  -9.370774949127103  19.55971543832466  0.4187121666958364
12  3.5155195819855147  12.954899527816686  -10.751435020519091
13  12.2169340507405  14.414615511191734  -2.1001377231646083
14  8.615304091594584  18.557626796254336  -8.082138712831098
15  3.720049251420233  5.404532547195553  -10.701994264139172
16  6.292859369287691  12.210978869864789  1.920514646740016
17  -1.261220104339792  11.899743489252698  7.91216405072185
18  -8.391125679221947  19.38069129604017  3.3706740183208845
19  5.769507584057858  6.799030369172611  -1.6587757860308059
20  -6.771709077205575  2.8980543177341014  5.526053529393561
21  4.632512006880106  2.1792512929061107  -3.2674413014831134
22  4.055630128535654  5.945227914623837  -3.7663461949963692
23  12.588703464705167  1.3647048977719816  0.33850597645524677
24  6.303225512317331  6.433242705012734  0.135520673948365
25  -8.870928814206062  12.148611091752397  2.319147270847316
26  -4.065314377679038  9.364935148354913  -9.791663508549114
27  7.377796639342826  13.550096050747682  11.379584180030053
28  1.913713731618976  11.005392050823236  7.354511815235433
29  6.359940022382567  15.893425354433477  0.8718346715881373
30  11.956494230750067  9.503930628594008  5.008260328493097
31  2.095660733306796  16.248814632472843  7.27790432763481
32  3.6720613139790124  9.951252565345046  6.342968458505811
33  6.053024703633847  15.250472468332617  -0.9512270376164292
34  -7.720525002462668  16.274925553130384  4.434446707580331
35  5.647475196198803  17.94117642067381  3.9538688581839274
36  -1.9288060493150252  3.3827694604536145  7.861420364379804
37  -0.023195598477595888  15.189373684223822  7.856899644235305
38  -4.06751575701804  0.23058924578760398  -9.790495854379198
39  -7.771197365738605  8.398537364284513  4.364705346842465
40  1.1776975259811087  11.87777753519946  -11.039212923655649
41  2.274381425987802  0.6196782943140184  7.197079678275452
42  0.7985818368788454  0.8062069123729265  7.709516064796202
43  0.228961852515422  5.024657332195273  14.119095540861643
44  5.4327233064237985  7.457844165366247  4.347438668149276
45  9.372039947702977  14.70939081418987  -7.336686649439244
46  3.4517842439197453  4.002602615082065  -10.76601882829143
47  -1.9094185885353887  8.320950479067331  -10.648302423187287
48  5.336683597233185  19.011827127592007  -2.4159698248344332
49  0.25012765889554084  6.77543062132116  -4.758337239492675
50  7.945702493700239  16.079188568301976  -8.641262037853206
51  3.874312031175428  12.297383404590317  -3.8966380081379226
52  5.2774588236140385  1.1193214574881094  4.598685411813792
53  1.4225520754397059  20.42777140875034  13.963363818671288
54  4.338306257286808  2.3161661246283023  13.11909720061393
55  9.047334755474699  7.176427313206884  9.878750594999984
56  -7.223909181220153  19.99002423580061  -7.214539598243732
57  -8.256325905217766  5.108336986355247  3.6130563878483604
58  -8.504410131065518  19.935856628214175  3.1522390308262254
59  -0.47752617238881667  13.87058531955525  7.89993570184527
60  4.188339491796735  4.0368871134159034  13.179996337361013
61  12.237294239710998  2.966231925841074  -2.0195174575154407
62  1.0690543464034896  20.623049415864116  14.020365413747662
63  2.2727666521943566  9.414439111378956  7.197835319536844
64  -7.428765496565268  15.34044361288609  -6.956433262915474
65  1.611435574551073  2.7878171688247106  -11.023569126379195
66  -3.801510245643579  10.642404579516734  7.409739994179276
67  -7.167566310260804  1.9856856695904987  -7.282603609064373
68  6.306440594098339  10.41890217977988  1.822561809397843
69  1.399312838196959  0.20628699643882276  7.541810775409162
70  5.718805564441355  0.877543427557542  -1.762471681618204
71  -2.404408827016758  19.19523075213296  -10.498623769783858
72  -0.05998932429109643  18.681220135797414  7.8613834897274355
73  -6.619239377133069  16.22399906779193  5.671056658779526
74  -3.573629610772995  11.120381531627324  7.490322001054651
75  2.484573804450635  3.493388132803616  -4.578891365041694
76  10.937078577997363  15.50234407921607  7.310981829133277
77  6.273010501879827  4.496078074388458  -9.72026797041314
78  0.6798609572469235  1.2183376876199525  7.736515313645626
79  10.758991830548688  6.629295992528647  7.617123419733507
80  0.9341906707198989  12.296053007025039  -11.04053522929067
81  1.1024412643128558  12.218373086678627  14.015377338639672
82  -8.537885774595487  17.456239559915193  3.0847739715062703
83  4.934481087158773  8.230937055372108  -2.9429125496752473
84  5.337840695263939  3.142077515575889  -2.4142565345261224
85  8.026109389443414  0.834556828271754  -8.578487592046688
86  -7.493018340013336  4.158283251648602  -6.871804915717411
87  6.015301461222269  19.61858283930169  3.075155342710218
88  -8.89652327008379  0.7816013942190764  -4.281948906000367
89  -9.325285566126713  13.403502404496686  -2.690564170173106
90  12.458676314729383  9.16574437380713  2.921977240714708
91  2.5001239174492857  3.92802570176816  -4.573925664173911
92  5.055773284757804  14.14756086195553  -2.7969575580272523
93  -7.6152747033126  12.49130168354963  4.574888069968359
94  5.828713288888036  1.4037642288192618  -1.5307403445122625
95  1.4859042207089037  13.942130345575057  13.952165748893158
96  6.2914258130080905  1.6044049058016308  1.9302547217379384
97  -4.525947068420908  4.698488882773039  -9.532401397716207
98  -7.669005018945953  11.962257318699923  4.503918881981069
99  10.675853258568337  15.04275796443236  -5.651582651044846
100  2.4788428318762166  12.144647816652398  -4.580707710313806
101  0.6537584038069078  18.851031583311713  7.742187436628173
102  -8.771495371285646  14.707927766425334  2.568752036755302
103  5.075872911428176  20.37049008331482  -2.7717877693173856
104  -2.5589919874628326  5.760893104058552  -10.446480641392688
105  -9.244840907951435  20.68142667968399  -3.0889597751877425
106  12.481240277947244  4.085747742345549  -0.7684911381582352
107  -7.599065419480473  4.045573178351004  4.5960091904755185
108  2.6471754250425974  3.9853864302480067  7.009702626117248
109  1.258326978412103  2.4791801271544474  7.5859473240192745
110  5.518876645538703  13.136369015919957  4.19680581370073
111  7.974173468377091  0.09509063233560366  10.900134148210407
112  11.594257667282054  16.95899979962569  -3.9233533343494504
113  -0.7574242322663544  12.57984765454928  7.913240801651872
114  -7.969893770499104  6.360208807555892  4.076594235695391
115  4.617932122899716  18.708092808673932  -3.2818664285862025
116  -6.834707787312295  17.699332086156474  -7.661681922663966
117  6.411074240303558  13.266123406640649  -9.645973478313486
118  5.74777411483801  1.5886648369828693  3.746141962407311
119  -7.5851857643427545  20.261567186860223  4.613990466124215
120  0.8528964432953685  12.991337961150409  -11.039780832220885
121  -7.61744582261033  18.773638907035085  4.5720490047299425
122  -8.798772058420447  3.422676819133816  -4.54032272508197
123  6.319142291154412  0.5705894835333889  1.7190757988769494
124  11.417086211341433  6.283383030137429  -4.314381051388305
125  4.9346527837275165  16.45772970505663  -2.942712820746958
126  -8.802500562023795  17.29079305385399  2.493188490358103
127  2.889028160719974  18.678352574140305  6.873634439497583
128  4.780314784367534  7.403895342432263  -3.1149966639884843
129  12.496826822335585  17.18029785674267  2.654734502190684
130  6.272423078951779  3.255436802009851  2.0508740282553966
131  -8.75461441249998  11.541028163783487  2.609098135280793
132  -5.102073123009679  1.0634836736573319  -9.162784944920512
133  4.098928057860083  15.12019324139329  5.984225161746637
134  -9.064038199387833  7.602201688395635  1.75885575957201
135  -9.31425071593169  2.2654713256197123  -2.7507299119442
136  -7.727267471113572  13.96377342042492  4.42524888465137
137  -2.256750379885456  8.946097426103847  7.815790583452277
138  4.744484072185411  6.704869528944941  5.316037553163712
139  10.250677264279528  7.664778040689175  8.400132633021634
140  -9.476175253510872  16.06395381639198  -0.8489362024654437
141  3.634715897224296  8.566264061803137  -10.723113037543753
142  -9.248859533265106  18.495786020979057  -3.0709277887853887
143  3.192502265342661  3.206469852074207  6.685300697445681
144  -9.03732108677207  8.126639345493846  1.8438955228585117
145  12.414321347120886  18.25150934782892  -1.1876003137623599
146  11.934298282626814  12.54079407265784  5.07470653286025
147  7.189932812775141  15.222355797909982  11.519501283625742
148  6.033449738962032  17.650782982598994  3.020634348347479
149  -0.8902221818360024  11.026949433064559  7.916069867004402
150  5.253373979170887  2.588300452487709  -2.5359741198012866
151  1.5494462626207375  6.78786287955298  13.940632083130023
152  -3.5150215425136677  5.565760883070155  -10.063311306267128
153  4.001414964805187  3.261683356141477  -10.627328032565812
154  -6.968464040529441  12.71347437569372  5.328082937876166
155  5.247122047916497  4.4883752731783  4.645102756498505
156  -4.067180906631775  18.096351993496974  7.3061643329919645
157  3.0361888498561953  9.556857883839434  6.784851269239259
158  -9.279929833221571  16.8530884725456  -2.9256243523529926
159  12.244102087526917  17.773417916591352  -1.992039190711428
160  12.550425708473822  13.864615153069728  -0.18332522145246233
161  3.183187567861031  17.19770938641455  6.691389177837394
162  6.352297511792306  16.57915949600298  0.6558096320375983
163  5.848661125876848  12.16473510383012  -9.933820927964456
164  -6.132054034751439  6.872303676632752  6.090600125488017
165  6.360667139057831  8.65760382220102  0.9226894628895642
166  -5.767788023088918  6.3749934437281155  -8.663934569231092
167  5.037871519432816  10.162720632982722  -2.819131788614934
168  4.397327300091832  8.457209528705564  -3.487840219322677
169  0.5469551286530479  6.9827216297440176  -4.794873865213481
170  6.186396677531061  2.3480240781878905  2.477738350019535
171  -9.04694482603235  8.681745500495467  1.813594919574282
172  6.236858667364327  2.934164269471622  -0.256256826841278
173  3.2323957292674015  7.641557641428212  -4.275345612091859
174  -9.330912472384698  2.25945919972142  0.6596490374698586
175  10.463610069168746  8.047974855804105  8.08677208011117
176  0.521518256767424  11.29153498001319  -4.792490090066439
177  5.744332082221963  1.5648313597802317  3.7535788324686075
178  10.58738398610807  5.393923232988286  7.895290190458382
179  -3.216497682806004  8.95746739030223  -10.194564438309104
180  12.534857119617513  5.725412146045017  -0.3379905902719222
181  10.020251565031785  11.825675125007667  8.718800026771328
182  5.974256419509605  17.033937266504626  3.193075279348376
183  7.407050781352091  16.43231426934101  -9.03397112559342
184  4.518716616655513  4.37954703091123  5.569980055865901
185  7.432607659955604  4.171908763768153  11.337799263721388
186  5.396741780176039  11.719814656826157  12.628499539135147
187  6.2108465371496635  7.701370446698498  -0.3782727693698689
188  12.124436611699558  0.9839031427167377  -2.4409267233711347
189  2.215902715818351  4.864333329443549  -4.656183882491135
190  -6.137695983577696  20.25440980807587  -8.348142082766117
191  -9.120561089641322  20.37160496712353  1.5685752997026494
192  -6.12459086976803  7.492275450450645  -8.35985434429329
193  9.14361329640953  0.8771970932691783  -7.576078781118048
194  12.14776713092213  16.79736370765698  4.37679928542886
195  -9.449421573262939  5.893851722893576  -0.26915568724597794
196  3.4591625247182307  1.0882881890704899  -4.155215493380306
197  9.67597701588157  5.135031711454354  9.160535731196187
198  2.864780337469824  3.1974722895358005  -4.441490747811565
199  11.39088391532384  19.10848681984107  -4.369245926134156
200  5.32654087918654  4.093306948628526  -2.4309316377691235
201  10.49878284532582  15.736112557714117  8.033093503101671
202  -3.1979168448475437  2.9712482582926576  -10.202375502134759
203  1.6533912644036866  1.6030715442903987  7.454562495647594
204  12.292245261319875  7.8008134778556935  3.7999196350675493
205  6.358963787389921  12.812513924025016  0.827116592766976
206  6.040385934229161  11.158331287110657  2.99937352507943
207  0.5455400058807125  17.66935953672517  7.764696917752465
208  -5.925415501814227  9.164133659381651  6.250433775609371
209  5.9758892831381045  12.844852470969514  3.188516141190763
210  9.186141392845762  1.252027953275666  9.728894433080187
211  -7.501823169176412  15.649938076823602  4.720015848119634
212  6.001294851235095  14.59936655179791  12.296857471901314
213  4.863769681761602  17.05031934354276  5.171335382622416
214  -8.730384908611295  2.1885626459635947  2.6660744738203164
215  11.722799038140584  9.70169128247107  -3.6142527354689045
216  1.4084989407045705  13.739034398453882  13.965807175782064
217  -7.965596840055909  0.1743992280155121  4.083088970161405
218  -8.779355382807264  17.875013127300047  2.5497781345206305
219  7.20302438180102  17.235078300217978  11.509913882344344
220  -7.0524488682428474  10.772578126808583  5.239594896293268
221  -7.503529773035863  7.265729463437397  4.7178784616639815
222  5.8529027735593635  15.310029449872376  12.381962476702423
223  -9.391407125976883  18.68287999226229  0.2755283391068025
224  5.478703788867604  10.383763616460696  -2.195138360765396
225  7.121287548870102  18.589689674797995  11.569380101613405
226  -9.437773974429474  3.10311673355147  -0.1312785124762339
227  -2.069620888802987  6.946841749285325  7.8435105023522524
228  10.628776093410824  15.074722420150657  7.829596115400825
229  0.7839538432301794  7.558605860080572  -4.8104757423141855
230  6.4645775343592735  10.970627952129108  12.014804501421565
231  4.066258527595494  13.75052599308826  -3.75835270335527
232  3.5419637204674856  12.373856209628187  -4.107773415956854
233  7.037464803129452  8.992096606359823  11.629403264963127
234  -9.019082001771855  2.9509279435564055  1.9003480791405032
235  6.357764048495791  8.637609075141764  0.785263140126027
236  2.3242519000166726  4.75319268550355  13.77531058580547
237  -0.1396732018446778  17.06314904700391  7.870486966954512
238  7.133476361952258  16.590811807477643  11.56057140392491
239  -8.39190074029189  4.52456673925646  3.3692279462718413
240  -2.6204742813005173  12.244586582999936  7.74898723765422
241  -7.794326949842581  13.85940442249452  -6.448328171463937
242  9.928505555688503  8.985075255571372  8.840326636073286
243  2.6027418470412598  1.8039828941386584  13.704518549673187
244  3.0481108094898484  15.241387238220016  -10.849413410754403
245  -2.6487952105920836  1.791885519212841  7.74306227057292
246  12.332431891944276  14.306020135693464  3.6158036870849424
247  8.783415529283122  1.687612240267935  10.151480351167796
248  -9.035933596528615  12.411976782241407  -3.868769004035537
249  4.687549857491831  5.821775174327174  -10.412071896195622
250  12.098826645534077  8.486763722865076  4.549917310141643
251  1.865544895990961  20.703896527269976  -11.006492793611635
252  -1.6525021938953373  19.955918928110098  -10.715901495509357
253  -3.5848924004343354  12.12782709121448  7.486514922650406
254  -6.0635572606343535  14.463570787983322  -8.413876252090958
255  5.260613391285673  16.903442014326142  4.624560055941357
256  5.283413025711726  15.099952787895127  -2.4934484841514686
257  4.632694480096432  2.734503376207765  5.444845357751728
258  -7.797516519270534  9.611846968788491  4.327910712822184
259  -0.8409480716579816  17.504869033836506  7.915280862119068
260  3.700821943927614  15.70303264639797  -10.706814352849172
261  -3.7197514749038123  4.991893326588325  7.439515695808331
262  -9.460657815304911  18.121141733757025  -0.43378668042344487
263  2.9049286138003456  12.86938357532073  6.864265491383097
264  4.130328187289076  6.002772875745007  -3.7092973800670905
265  5.218768850796013  1.2036169667121006  -10.211762001262802
266  5.848602164869318  15.58346932141235  3.5169226533181273
267  -8.620684943989657  9.128464911182956  2.9115088084551135
268  -6.52528976939281  20.461365854448832  -7.982652144460889
;