0.178 0.400 0.167 0.212   -1.0
0.054 0.276 0.048 0.321   -1.0
0.368 0.222 0.220 0.202   -1.0
0.344 0.648 0.149 0.030   -1.0
0.655 0.528 0.506 0.916   1.0
0.119 0.058 0.720 0.638   -1.0
0.412 0.816 0.281 0.579   1.0
0.342 0.633 0.304 0.390   1.0
0.576 0.758 0.176 0.796   -1.0
0.220 0.140 0.607 0.370   -1.0
0.486 0.025 0.697 0.992   1.0
0.885 0.111 0.999 0.605   1.0
0.880 0.017 0.564 0.160   -1.0
0.592 0.503 0.229 0.896   1.0
0.183 0.473 0.651 0.359   -1.0
0.611 0.579 0.409 0.218   -1.0
0.578 0.704 0.974 0.276   1.0
0.915 0.161 0.806 0.914   1.0
0.555 0.794 0.784 0.119   -1.0
0.380 0.711 0.457 0.609   1.0
0.350 0.792 0.080 0.001   -1.0
0.349 0.612 0.730 0.757   1.0
0.679 0.336 0.534 0.653   1.0
0.229 0.568 0.773 0.036   -1.0
0.539 0.591 0.276 0.323   -1.0
0.231 0.703 0.421 0.688   1.0
0.029 0.038 0.103 0.109   -1.0
0.254 0.458 0.651 0.984   1.0
0.481 0.663 0.551 0.015   -1.0
0.162 0.244 0.884 0.935   1.0
0.366 0.474 0.871 0.642   1.0
0.580 0.873 0.500 0.001   -1.0
0.812 0.030 0.599 0.915   1.0
0.638 0.169 0.596 0.289   -1.0
0.811 0.770 0.816 0.362   1.0
0.131 0.525 0.029 0.015   -1.0
0.309 0.381 0.934 0.180   -1.0
0.731 0.760 0.896 0.231   1.0
0.457 0.043 0.791 0.056   1.0
0.930 0.695 0.128 0.527   -1.0
0.281 0.338 0.754 0.097   -1.0
0.540 0.228 0.225 0.569   -1.0
0.685 0.878 0.624 0.619   1.0
0.647 0.349 0.818 0.544   1.0
0.580 0.001 0.623 0.371   -1.0
0.582 0.302 0.752 0.710   1.0
0.736 0.991 0.167 0.490   1.0
0.867 0.030 0.315 0.092   -1.0
0.558 0.777 0.477 0.182   -1.0
0.535 0.829 0.745 0.354   1.0
0.326 0.933 0.373 0.949   1.0
0.431 0.531 0.606 0.182   -1.0
0.434 0.918 0.231 0.601   1.0
0.319 0.468 0.438 0.634   -1.0
0.037 0.192 0.338 0.514   -1.0
0.734 0.049 0.202 0.479   -1.0
0.575 0.805 0.336 0.948   1.0
0.641 0.378 0.285 0.247   -1.0
0.525 0.681 0.479 0.757   1.0
0.887 0.076 0.751 0.325   1.0
0.311 0.362 0.902 0.649   1.0
0.275 0.383 0.925 0.477   1.0
0.328 0.052 0.667 0.664   1.0
0.420 0.305 0.378 0.705   -1.0
0.939 0.230 0.233 0.418   1.0
0.515 0.305 0.063 0.266   -1.0
0.772 0.577 0.993 0.674   1.0
0.869 0.949 0.610 0.794   1.0
0.472 0.121 0.478 0.139   -1.0
0.478 0.559 0.090 0.856   -1.0
0.642 0.795 0.495 0.875   1.0
0.482 0.390 0.519 0.544   -1.0
0.149 0.317 0.234 0.142   1.0
0.460 0.011 0.940 0.070   -1.0
0.366 0.542 0.926 0.844   1.0
0.711 0.322 0.240 0.802   1.0
0.504 0.443 0.973 0.999   1.0
0.186 0.481 0.708 0.705   1.0
0.364 0.854 0.341 0.598   -1.0
0.332 0.059 0.008 0.272   -1.0
0.813 0.638 0.671 0.739   1.0
0.352 0.450 0.804 0.592   1.0
0.982 0.097 0.695 0.956   1.0
0.013 0.142 0.576 0.721   -1.0
0.601 0.086 0.701 0.943   1.0
0.698 0.275 0.742 0.706   1.0
0.871 0.518 0.184 0.542   1.0
0.666 0.894 0.707 0.470   1.0
0.959 0.452 0.583 0.654   1.0
0.679 0.667 0.550 0.256   1.0
0.397 0.857 0.474 0.098   -1.0
0.158 0.796 0.075 0.900   -1.0
0.621 0.771 0.021 0.805   1.0
0.278 0.471 0.208 0.985   -1.0
0.694 0.944 0.393 0.278   1.0
0.801 0.957 0.265 0.351   1.0
0.653 0.748 0.070 0.127   -1.0
0.870 0.285 0.643 0.945   1.0
0.145 0.566 0.956 0.166   -1.0
0.269 0.444 0.842 0.477   1.0
0.783 0.171 0.373 0.176   -1.0
0.971 0.977 0.406 0.237   1.0
0.619 0.890 0.076 0.689   1.0
0.922 0.559 0.302 0.565   1.0
0.487 0.710 0.070 0.442   -1.0
0.442 0.711 0.319 0.284   -1.0
0.748 0.067 0.360 0.121   -1.0
0.809 0.092 0.221 0.215   -1.0
0.548 0.834 0.219 0.624   1.0
0.236 0.546 0.083 0.538   -1.0
0.587 0.025 0.820 0.658   1.0
0.696 0.100 0.179 0.015   -1.0
0.367 0.763 0.451 0.727   1.0
0.695 0.536 0.976 0.916   1.0
0.305 0.464 0.585 0.524   -1.0
0.109 0.760 0.634 0.192   -1.0
0.745 0.780 0.324 0.565   1.0
0.791 0.261 0.537 0.970   1.0
0.921 0.337 0.038 0.372   -1.0
0.922 0.067 0.599 0.897   -1.0
0.350 0.202 0.447 0.935   -1.0
0.535 0.044 0.486 0.169   -1.0
0.785 0.913 0.016 0.109   -1.0
0.453 0.900 0.739 0.990   1.0
0.015 0.911 0.206 0.053   -1.0
0.269 0.975 0.350 0.868   1.0
0.332 0.218 0.074 0.779   -1.0
0.800 0.313 0.197 0.287   -1.0
0.433 0.072 0.395 0.449   -1.0
0.874 0.902 0.080 0.613   1.0
0.950 0.628 0.802 0.156   1.0
0.085 0.425 0.656 0.435   -1.0
0.528 0.767 0.512 0.603   1.0
0.665 0.403 0.859 0.862   1.0
0.341 0.296 0.762 0.736   1.0
0.943 0.610 0.646 0.023   1.0
0.538 0.973 0.852 0.341   1.0
0.534 0.426 0.554 0.190   -1.0
0.848 0.718 0.627 0.360   1.0
0.173 0.025 0.724 0.031   -1.0
0.414 0.372 0.182 0.176   -1.0
0.927 0.119 0.719 0.574   1.0
0.943 0.112 0.115 0.795   -1.0
0.244 0.329 0.878 0.798   1.0
0.738 0.646 0.237 0.365   -1.0
0.558 0.538 0.031 0.282   -1.0
0.917 0.697 0.942 0.100   1.0
0.051 0.027 0.992 0.770   -1.0
0.134 0.713 0.712 0.250   -1.0
0.165 0.494 0.837 0.043   -1.0
0.356 0.781 0.939 0.594   1.0
0.945 0.152 0.684 0.975   1.0
0.253 0.893 0.131 0.194   1.0
0.004 0.245 0.019 0.995   -1.0
0.620 0.130 0.728 0.332   -1.0
0.236 0.497 0.873 0.074   -1.0
0.165 0.430 0.320 0.104   -1.0
0.466 0.048 0.176 0.149   -1.0
0.610 0.402 0.916 0.741   1.0
0.909 0.745 0.841 0.928   1.0
0.856 0.548 0.870 0.584   1.0
0.249 0.820 0.376 0.122   -1.0
0.915 0.287 0.325 0.235   -1.0
0.348 0.701 0.439 0.524   1.0
0.463 0.134 0.252 0.379   -1.0
0.849 0.287 0.620 0.690   1.0
0.360 0.547 0.763 0.229   -1.0
0.643 0.478 0.951 0.019   1.0
0.845 0.934 0.887 0.170   1.0
0.278 0.518 0.871 0.717   1.0
0.721 0.180 0.177 0.973   1.0
0.052 0.822 0.846 0.671   1.0
0.061 0.031 0.059 0.824   -1.0
0.190 0.467 0.738 0.141   -1.0
0.337 0.987 0.420 0.224   -1.0
0.590 0.502 0.675 0.461   1.0
0.718 0.182 0.398 0.894   1.0
0.957 0.946 0.977 0.803   1.0
0.490 0.864 0.647 0.549   1.0
0.907 0.739 0.155 0.645   1.0
0.641 0.982 0.868 0.061   1.0
0.024 0.651 0.708 0.700   1.0
0.926 0.417 0.293 0.325   -1.0
0.448 0.282 0.257 0.425   -1.0
0.874 0.915 0.948 0.522   1.0
0.637 0.429 0.204 0.792   1.0
0.085 0.433 0.056 0.953   -1.0
0.263 0.977 0.145 0.971   1.0
0.257 0.897 0.094 0.550   -1.0
0.406 0.998 0.503 0.663   1.0
0.588 0.537 0.339 0.536   -1.0
0.804 0.172 0.488 0.008   1.0
0.562 0.093 0.397 0.618   -1.0
0.891 0.880 0.023 0.036   -1.0
0.700 0.293 0.748 0.794   1.0
0.969 0.200 0.841 0.473   1.0
0.265 0.060 0.401 0.604   -1.0
0.459 0.408 0.769 0.947   1.0
0.733 0.509 0.510 0.130   -1.0
0.556 0.021 0.007 0.579   -1.0
0.858 0.279 0.350 0.606   1.0
0.193 0.575 0.274 0.034   -1.0
0.137 0.299 0.108 0.538   -1.0
0.704 0.997 0.312 0.473   1.0
0.729 0.206 0.453 0.238   -1.0
0.580 0.794 0.356 0.587   1.0
0.413 0.445 0.653 0.762   1.0
0.727 0.955 0.626 0.001   -1.0
0.674 0.138 0.289 0.782   -1.0
0.192 0.486 0.672 0.504   1.0
0.616 0.233 0.164 0.069   -1.0
0.500 0.649 0.266 0.856   1.0
0.640 0.269 0.680 0.293   -1.0
0.731 0.019 0.986 0.356   1.0
0.976 0.030 0.157 0.265   -1.0
0.833 0.457 0.297 0.505   -1.0
0.256 0.121 0.194 0.420   -1.0
0.666 0.920 0.839 0.932   1.0
0.074 0.572 0.045 0.755   -1.0
0.076 0.485 0.884 0.062   -1.0
0.904 0.038 0.871 0.061   -1.0
0.682 0.894 0.760 0.980   1.0
0.722 0.236 0.519 0.916   1.0
0.709 0.582 0.576 0.548   1.0
0.352 0.622 0.085 0.397   -1.0
0.950 0.473 0.862 0.833   1.0
0.703 0.737 0.574 0.574   1.0
0.877 0.257 0.692 0.637   1.0
0.090 0.358 0.472 0.609   -1.0
0.128 0.319 0.856 0.704   1.0
0.370 0.057 0.489 0.455   -1.0
0.866 0.405 0.927 0.728   1.0
0.463 0.432 0.975 0.037   -1.0
0.774 0.914 0.262 0.465   1.0
0.499 0.556 0.909 0.971   1.0
0.183 0.099 0.484 0.040   -1.0
0.350 0.410 0.860 0.839   1.0
0.313 0.705 0.270 0.241   -1.0
0.509 0.703 0.865 0.484   1.0
0.871 0.257 0.654 0.133   -1.0
0.204 0.632 0.279 0.113   -1.0
0.444 0.297 0.701 0.928   1.0
0.504 0.278 0.746 0.364   -1.0
0.612 0.677 0.823 0.882   1.0
0.257 0.391 0.621 0.122   -1.0
0.361 0.993 0.132 0.015   -1.0
0.855 0.219 0.758 0.134   -1.0
0.361 0.578 0.629 0.062   -1.0
0.965 0.566 0.784 0.712   1.0
0.902 0.324 0.607 0.725   1.0
